-0.6
-0.6
-0.6
-0.6
-0.6
-0.6
-0.6
-0.6
-0.6
-0.6
-0.6
-0.6
-0.6
-0.6
-0.6
-0.6
-0.6
-0.6
-0.6
-0.6
-0.6
-0.6
-0.6
-0.6
-0.6
-0.6
-0.6
-0.6
-0.5999
-0.5999
-0.5999
-0.5999
-0.5999
-0.5998
-0.5998
-0.5997
-0.5997
-0.5996
-0.5995
-0.5993
-0.5989
-0.5985
-0.598
-0.5974
-0.5968
-0.5961
-0.5956
-0.5951
-0.5946
-0.5942
-0.5939
-0.5935
-0.5932
-0.5927
-0.5922
-0.5916
-0.591
-0.5902
-0.5894
-0.5885
-0.5876
-0.5867
-0.5859
-0.5851
-0.5843
-0.5836
-0.5829
-0.5823
-0.5816
-0.5808
-0.58
-0.5791
-0.5781
-0.5771
-0.5761
-0.5751
-0.5741
-0.5731
-0.5721
-0.5712
-0.5703
-0.5694
-0.5685
-0.5677
-0.5667
-0.5658
-0.5648
-0.5637
-0.5626
-0.5615
-0.5604
-0.5593
-0.5582
-0.5572
-0.5562
-0.5553
-0.5544
-0.5535
-0.5526
-0.5516
-0.5506
-0.5496
-0.5486
-0.5475
-0.5464
-0.5453
-0.5442
-0.5431
-0.542
-0.541
-0.5401
-0.5392
-0.5383
-0.5374
-0.5364
-0.5355
-0.5345
-0.5334
-0.5324
-0.5312
-0.5301
-0.529
-0.5279
-0.5269
-0.5259
-0.5249
-0.524
-0.523
-0.5221
-0.5212
-0.5203
-0.5193
-0.5184
-0.5173
-0.5163
-0.5152
-0.5141
-0.513
-0.512
-0.5109
-0.5099
-0.5089
-0.508
-0.5071
-0.5061
-0.5052
-0.5042
-0.5032
-0.5022
-0.5011
-0.5
-0.499
-0.4979
-0.4969
-0.4959
-0.4949
-0.494
-0.4931
-0.4921
-0.4912
-0.4903
-0.4893
-0.4883
-0.4872
-0.4862
-0.4851
-0.4841
-0.4831
-0.482
-0.4811
-0.4801
-0.4791
-0.4781
-0.4771
-0.4761
-0.4751
-0.4741
-0.4731
-0.472
-0.471
-0.47
-0.469
-0.468
-0.4671
-0.4661
-0.4651
-0.4641
-0.4631
-0.4621
-0.4611
-0.4601
-0.4591
-0.4581
-0.4571
-0.4561
-0.4551
-0.4541
-0.4531
-0.452
-0.451
-0.4501
-0.4491
-0.4481
-0.4471
-0.4461
-0.4452
-0.4442
-0.4432
-0.4421
-0.4411
-0.44
-0.4389
-0.4379
-0.4368
-0.4358
-0.4348
-0.4339
-0.433
-0.4321
-0.4311
-0.4302
-0.4292
-0.4282
-0.4272
-0.4262
-0.4251
-0.4241
-0.423
-0.422
-0.421
-0.4199
-0.4189
-0.4179
-0.4169
-0.4158
-0.4148
-0.4138
-0.4129
-0.4119
-0.4109
-0.41
-0.409
-0.4081
-0.4071
-0.4061
-0.4051
-0.404
-0.403
-0.4019
-0.4008
-0.3998
-0.3988
-0.3978
-0.3969
-0.396
-0.395
-0.3941
-0.3931
-0.3921
-0.3911
-0.3901
-0.389
-0.388
-0.3869
-0.3859
-0.3848
-0.3838
-0.3828
-0.3819
-0.3809
-0.38
-0.3791
-0.3781
-0.3771
-0.3762
-0.3751
-0.3741
-0.373
-0.3719
-0.3709
-0.3699
-0.3689
-0.3679
-0.3669
-0.366
-0.365
-0.364
-0.3631
-0.3621
-0.361
-0.36
-0.359
-0.3579
-0.3569
-0.3559
-0.3549
-0.3539
-0.3529
-0.3519
-0.3509
-0.35
-0.349
-0.348
-0.347
-0.346
-0.345
-0.344
-0.343
-0.342
-0.341
-0.34
-0.3389
-0.3379
-0.337
-0.336
-0.335
-0.334
-0.3329
-0.3319
-0.3309
-0.3298
-0.3288
-0.3278
-0.3268
-0.3258
-0.3249
-0.3239
-0.3229
-0.322
-0.321
-0.3201
-0.3191
-0.3181
-0.3171
-0.3161
-0.315
-0.314
-0.3129
-0.3119
-0.3109
-0.3099
-0.3089
-0.3079
-0.3069
-0.3059
-0.3049
-0.3039
-0.3028
-0.3018
-0.3008
-0.2998
-0.2988
-0.2978
-0.2968
-0.2958
-0.2949
-0.2939
-0.2929
-0.292
-0.291
-0.29
-0.289
-0.2879
-0.2869
-0.2859
-0.2849
-0.2839
-0.2829
-0.2819
-0.2809
-0.2799
-0.2789
-0.2779
-0.2769
-0.2759
-0.2749
-0.2739
-0.2729
-0.2719
-0.2709
-0.2699
-0.2689
-0.2679
-0.2669
-0.2659
-0.2649
-0.2639
-0.2629
-0.2619
-0.2609
-0.26
-0.2591
-0.2581
-0.2572
-0.2562
-0.2551
-0.254
-0.2529
-0.2519
-0.2508
-0.2497
-0.2486
-0.2476
-0.2467
-0.2457
-0.2448
-0.2439
-0.2429
-0.242
-0.241
-0.24
-0.239
-0.2379
-0.2369
-0.2358
-0.2348
-0.2338
-0.2328
-0.2318
-0.2309
-0.2299
-0.229
-0.228
-0.227
-0.226
-0.225
-0.224
-0.223
-0.2219
-0.2209
-0.2199
-0.2189
-0.2179
-0.2169
-0.2159
-0.2149
-0.2139
-0.2129
-0.2119
-0.211
-0.21
-0.209
-0.208
-0.207
-0.206
-0.205
-0.2039
-0.2029
-0.2019
-0.2009
-0.1999
-0.199
-0.198
-0.1971
-0.1961
-0.1951
-0.1941
-0.193
-0.192
-0.1909
-0.1898
-0.1888
-0.1878
-0.1867
-0.1858
-0.1848
-0.1838
-0.1829
-0.182
-0.181
-0.18
-0.179
-0.178
-0.177
-0.176
-0.175
-0.1739
-0.1729
-0.1719
-0.1709
-0.1699
-0.1689
-0.1679
-0.1669
-0.1659
-0.1649
-0.1639
-0.1629
-0.1619
-0.1609
-0.1599
-0.159
-0.1579
-0.1569
-0.1559
-0.1549
-0.1539
-0.153
-0.152
-0.151
-0.1499
-0.1489
-0.1479
-0.1469
-0.1459
-0.1449
-0.1439
-0.1429
-0.1419
-0.1409
-0.14
-0.139
-0.1381
-0.1371
-0.1361
-0.1351
-0.1341
-0.1331
-0.132
-0.1309
-0.1299
-0.1288
-0.1278
-0.1268
-0.1258
-0.1249
-0.1239
-0.1229
-0.122
-0.121
-0.12
-0.1189
-0.1179
-0.1169
-0.1158
-0.1148
-0.1138
-0.1128
-0.1118
-0.1108
-0.1099
-0.1089
-0.1079
-0.107
-0.106
-0.105
-0.104
-0.103
-0.102
-0.1009
-0.0999
-0.0989
-0.0979
-0.097
-0.096
-0.095
-0.0941
-0.0931
-0.0921
-0.0911
-0.09
-0.089
-0.088
-0.087
-0.0859
-0.0849
-0.0839
-0.0829
-0.0819
-0.0809
-0.0799
-0.0789
-0.0779
-0.0769
-0.0759
-0.075
-0.074
-0.073
-0.072
-0.071
-0.07
-0.069
-0.0679
-0.0669
-0.0658
-0.0648
-0.0638
-0.0628
-0.0619
-0.061
-0.06
-0.059
-0.0581
-0.0571
-0.0561
-0.0551
-0.0541
-0.053
-0.052
-0.051
-0.0499
-0.0489
-0.0479
-0.0469
-0.0459
-0.045
-0.044
-0.043
-0.0421
-0.0411
-0.0402
-0.0392
-0.0382
-0.0371
-0.036
-0.0349
-0.0339
-0.0328
-0.0318
-0.0308
-0.0298
-0.0289
-0.028
-0.027
-0.0261
-0.0251
-0.0241
-0.023
-0.022
-0.0209
-0.0198
-0.0187
-0.0177
-0.0167
-0.0157
-0.0147
-0.0138
-0.0129
-0.0119
-0.011
-0.01
-0.009
-0.008
-0.007
-0.006
-0.0049
-0.0039
-0.0029
-0.0018
-0.0008
0.0002
0.0012
0.0022
0.0031
0.0041
0.005
0.006
0.007
0.008
0.009
0.01
0.011
0.0121
0.0131
0.0142
0.0152
0.0162
0.0171
0.0181
0.019
0.02
0.021
0.0219
0.0229
0.0239
0.0249
0.0259
0.027
0.028
0.029
0.0301
0.031
0.032
0.0329
0.0338
0.0347
0.0355
0.0363
0.0372
0.038
0.0388
0.0397
0.0406
0.0414
0.0423
0.0432
0.044
0.0448
0.0456
0.0463
0.0469
0.0475
0.0481
0.0487
0.0493
0.0499
0.0504
0.051
0.0516
0.0522
0.0528
0.0533
0.0538
0.0543
0.0548
0.0552
0.0556
0.056
0.0563
0.0566
0.0569
0.0571
0.0574
0.0576
0.0579
0.0581
0.0584
0.0586
0.0588
0.059
0.0592
0.0594
0.0595
0.0596
0.0596
0.0597
0.0597
0.0598
0.0598
0.0599
0.0599
0.06
0.06
0.0601
0.0601
0.0601
0.0602
0.0602
0.0602
0.0602
0.0602
0.0602
0.0603
0.0603
0.0603
0.0603
0.0603
0.0603
0.0603
0.0603
0.0603
0.0603
0.0603
0.0603
0.0603
0.0603
0.0603
0.0603
0.0603
0.0603
0.0603
0.0603
0.0603
0.0603
0.0603
0.0603
0.0603
0.0603
0.0603
0.0603
0.0603
0.0603
0.0603
0.0603
0.0603
0.0603
0.0603
0.0603
0.0603
0.0603
0.0603
0.0603
0.0603
0.0603
0.0603
0.0603
0.0603
0.0603
0.0603
0.0603
0.0603
0.0603
0.0603
0.0603
0.0603
0.0603
0.0603
0.0603
0.0603
0.0603
0.0603
0.0603
0.0603
0.0603
0.0603
0.0603
0.0603
0.0603
0.0603
0.0603
0.0603
0.0603
0.0603
0.0603
0.0603
0.0603
0.0603
0.0603
0.0603
0.0603
0.0603
0.0603
0.0603
0.0603
0.0603
0.0603
0.0603
0.0603
0.0603
0.0603
0.0603
0.0603
0.0603
0.0603
0.0603
0.0603
0.0603
0.0603
0.0603
0.0603
0.0603
0.0603
0.0603
0.0603
0.0603
0.0603
0.0603
0.0603
0.0603
0.0603
0.0603
0.0603
0.0603
0.0603
0.0603
0.0603
0.0603
0.0603
0.0603
0.0603
0.0603
0.0603
0.0603
0.0603
0.0603
0.0603
0.0603
0.0603
0.0603
0.0603
0.0603
0.0603
0.0603
0.0603
0.0603
0.0603
0.0603
0.0603
0.0603
0.0603
0.0603
0.0603
0.0603
0.0603
0.0603
0.0603
0.0603
0.0603
0.0603
0.0603
0.0603
0.0603
0.0603
0.0603
0.0603
0.0603
0.0603
0.0603
0.0603
0.0603
0.0603
0.0603
0.0603
0.0603
0.0603
0.0603
0.0603
0.0603
0.0603
0.0603
0.0603
0.0603
0.0603
0.0603
0.0603
0.0603
0.0603
0.0603
0.0603
0.0603
0.0603
0.0603
0.0603
0.0603
0.0603
0.0603
0.0603
0.0603
0.0603
0.0603
0.0603
0.0603
0.0603
0.0603
0.0603
0.0603
0.0603
0.0603
0.0603
0.0603
0.0603
0.0603
0.0603
0.0603
0.0603
0.0603
0.0603
0.0603
0.0603
0.0603
0.0603
0.0603
0.0603
0.0603
0.0603
0.0603
0.0603
0.0603
0.0603
0.0603
0.0603
0.0603
0.0603
0.0603
0.0603
0.0603
0.0603
0.0603
0.0603
0.0603
0.0603
0.0603
0.0603
0.0603
0.0603
0.0603
0.0603
0.0603
0.0603
0.0603
0.0603
0.0603
0.0603
0.0603
0.0603
0.0603
0.0603
0.0603
0.0603
0.0603
0.0603
0.0603
0.0603
0.0603
0.0603
0.0603
0.0603
0.0603
0.0603
0.0603
0.0603
0.0603
0.0603
0.0603
0.0603
0.0603
0.0603
0.0603
0.0603
0.0603
0.0603
0.0603
0.0603
0.0603
0.0603
0.0603
0.0603
0.0603
0.0603
0.0603
0.0603
0.0603
0.0603
0.0603
0.0603
0.0603
0.0603
0.0603
0.0603
0.0603
0.0603
0.0603
0.0603
0.0602
0.0602
0.0602
0.0602
0.0602
0.0602
0.0602
0.0602
0.0602
0.0602
0.0602
0.0602
0.0602
0.0602
0.0602
0.0602
0.0602
0.0602
0.0602
0.0602
0.0602
0.0602
0.0602
0.0602
0.0602
0.0602
0.0602
0.0602
0.0602
0.0602
0.0602
0.0602
0.0602
0.0602
0.0602
0.0602
0.0602
0.0602
0.0602
0.0602
0.0602
0.0602
0.0602
0.0602
0.0602
0.0602
0.0602
0.0602
0.0602
0.0602
0.0602
0.0602
0.0602
0.0602
0.0602
0.0602
0.0602
0.0602
0.0602
0.0602
0.0602
0.0602
0.0602
0.0602
0.0602
0.0602
0.0602
0.0602
0.0602
0.0602
0.0602
0.0602
0.0602
0.0602
0.0602
0.0602
0.0602
0.0602
0.0602
0.0602
0.0602
0.0602
0.0602
0.0602
0.0602
0.0602
0.0602
0.0602
0.0602
0.0602
0.0602
0.0602
0.0602
0.0602
0.0602
0.0602
0.0602
0.0602
0.0602
0.0602
0.0602
0.0602
0.0602
0.0602
0.0602
0.0602
0.0602
0.0602
0.0602
0.0602
0.0602
0.0602
0.0602
0.0602
0.0602
0.0602
0.0602
0.0602
0.0602
0.0602
0.0602
0.0602
0.0602
0.0602
0.0602
0.0602
0.0602
0.0602
0.0602
0.0602
0.0602
0.0602
0.0602
0.0602
0.0602
0.0602
0.0602
0.0602
0.0602
0.0602
0.0602
0.0602
0.0602
0.0602
0.0602
0.0602
0.0602
0.0602
0.0602
0.0602
0.0602
0.0602
0.0602
0.0602
0.0602
0.0602
0.0602
0.0602
0.0602
0.0602
0.0602
0.0602
0.0602
0.0602
0.0602
0.0602
0.0602
0.0602
0.0602
0.0602
0.0602
0.0602
0.0602
0.0602
0.0602
0.0602
0.0602
0.0602
0.0602
0.0602
0.0602
0.0602
0.0602
0.0602
0.0602
0.0602
0.0602
0.0602
0.0602
0.0602
0.0602
0.0602
0.0602
0.0602
0.0602
0.0602
0.0602
0.0602
0.0602
0.0602
0.0602
0.0602
0.0602
0.0602
0.0602
0.0602
0.0602
0.0602
0.0602
0.0602
0.0602
0.0602
0.0602
0.0602
0.0602
0.0602
0.0602
0.0602
0.0602
0.0602
0.0602
0.0602
0.0602
0.0602
0.0602
0.0602
0.0602
0.0602
0.0602
0.0602
0.0602
0.0602
0.0602
0.0602
0.0602
0.0602
0.0602
0.0602
0.0602
0.0602
0.0602
0.0602
0.0602
0.0602
0.0602
0.0602
0.0602
0.0602
0.0602
0.0602
0.0602
0.0602
0.0602
0.0602
0.0602
0.0602
0.0602
0.0602
0.0602
0.0602
0.0602
0.0602
0.0602
0.0602
0.0602
0.0602
0.0602
0.0602
0.0602
0.0602
0.0602
0.0602
0.0602
0.0602
0.0602
0.0602
0.0602
0.0602
0.0602
0.0602
0.0602
0.0602
0.0602
0.0602
0.0602
0.0602
0.0602
0.0602
0.0602
0.0602
0.0602
0.0602
0.0602
0.0602
0.0602
0.0602
0.0602
0.0602
0.0602
0.0602
0.0602
0.0602
0.0602
0.0602
0.0602
0.0602
0.0602
0.0602
0.0602
0.0602
0.0602
0.0602
0.0602
0.0602
0.0602
0.0602
0.0602
0.0602
0.0602
0.0602
0.0602
0.0602
0.0602
0.0602
0.0602
0.0602
0.0602
0.0602
0.0602
0.0602
0.0602
0.0602
0.0602
0.0602
0.0602
0.0602
0.0601
0.0601
0.0601
0.0601
0.0601
0.0601
0.0601
0.0601
0.0601
0.0601
0.0601
0.0601
0.0601
0.0601
0.0601
0.0601
0.0601
0.0601
0.0601
0.0601
0.0601
0.0601
0.0601
0.0601
0.0601
0.0601
0.0601
0.0601
0.0601
0.0601
0.0601
0.0601
0.0601
0.0601
0.0601
0.0601
0.0601
0.0601
0.0601
0.0601
0.0601
0.0601
0.0601
0.0601
0.0601
0.0601
0.0601
0.0601
0.0601
0.0601
0.0601
0.0601
0.0601
0.0601
0.0601
0.0601
0.0601
0.0601
0.0601
0.0601
0.0601
0.0601
0.0601
0.0601
0.0601
0.0601
0.0601
0.0601
0.0601
0.0601
0.0601
0.0601
0.0601
0.0601
0.0601
0.0601
0.0601
0.0601
0.0601
0.0601
0.0601
0.0601
0.0601
0.0601
0.0601
0.0601
0.0601
0.0601
0.0601
0.0601
0.0601
0.0601
0.0601
0.0601
0.0601
0.0601
0.0601
0.0601
0.0601
0.0601
0.0601
0.0601
0.0601
0.0601
0.0601
0.0601
0.0601
0.0601
0.0601
0.0601
0.0601
0.0601
0.0601
0.0601
0.0601
0.0601
0.0601
0.0601
0.0601
0.0601
0.0601
0.0601
0.0601
0.0601
0.0601
0.0601
0.0601
0.0601
0.0601
0.0601
0.0601
0.0601
0.0601
0.0601
0.0601
0.0601
0.0601
0.0601
0.0601
0.0601
0.0601
0.0601
0.0601
0.0601
0.0601
0.0601
0.0601
0.0601
0.0601
0.0601
0.0601
0.0601
0.0601
0.0601
0.0601
0.0601
0.0601
0.0601
0.0601
0.0601
0.0601
0.0601
0.0601
0.0601
0.0601
0.0601
0.0601
0.0601
0.0601
0.0601
0.0601
0.0601
0.0601
0.0601
0.0601
0.0601
0.0601
0.0601
0.0601
0.0601
0.0601
0.0601
0.0601
0.0601
0.0601
0.0601
0.0601
0.0601
0.0601
0.0601
0.0601
0.0601
0.0601
0.0601
0.0601
0.0601
0.0601
0.0601
0.0601
0.0601
0.0601
0.0601
0.0601
0.0601
0.0601
0.0601
0.0601
0.0601
0.0601
0.0601
0.0601
0.0601
0.0601
0.0601
0.0601
0.0601
0.0601
0.0601
0.0601
0.0601
0.0601
0.0601
0.0601
0.0601
0.0601
0.0601
0.0601
0.0601
0.0601
0.0601
0.0601
0.0601
0.0601
0.0601
0.0601
0.0601
0.0601
0.0601
0.0601
0.0601
0.0601
0.0601
0.0601
0.0601
0.0601
0.0601
0.0601
0.0601
0.0601
0.0601
0.0601
0.0601
0.0601
0.0601
0.0601
0.0601
0.0601
0.0601
0.0601
0.0601
0.0601
0.0601
0.0601
0.0601
0.0601
0.0601
0.0601
0.0601
0.0601
0.0601
0.0601
0.0601
0.0601
0.0601
0.0601
0.0601
0.0601
0.0601
0.0601
0.0601
0.0601
0.0601
0.0601
0.0601
0.0601
0.0601
0.0601
0.0601
0.0601
0.0601
0.0601
0.0601
0.0601
0.0601
0.0601
0.0601
0.0601
0.0601
0.0601
0.0601
0.0601
0.0601
0.0601
0.0601
0.0601
0.0601
0.0601
0.0601
0.0601
0.0601
0.0601
0.0601
0.0601
0.0601
0.0601
0.0601
0.0601
0.0601
0.0601
0.0601
0.0601
0.0601
0.0601
0.0601
0.0601
0.0601
0.0601
0.0601
0.0601
0.0601
0.0601
0.0601
0.0601
0.0601
0.0601
0.0601
0.0601
0.0601
0.0601
0.0601
0.0601
0.0601
0.0601
0.0601
0.0601
0.0601
0.0601
0.0601
0.0601
0.0601
0.0601
0.0601
0.0601
0.0601
0.0601
0.0601
0.0601
0.0601
0.0601
0.0601
0.0601
0.0601
0.0601
0.0601
0.0601
0.0601
0.0601
0.0601
0.0601
0.0601
0.0601
0.0601
0.0601
0.0601
0.0601
0.0601
0.0601
0.0601
0.0601
0.0601
0.0601
0.0601
0.0601
0.0601
0.0601
0.0601
0.0601
0.0601
0.0601
0.0601
0.0601
0.0601
0.0601
0.0601
0.0601
0.0601
0.0601
0.0601
0.0601
0.0601
0.0601
0.0601
0.0601
0.0601
0.0601
0.0601
0.0601
0.0601
0.0601
0.0601
0.0601
0.0601
0.0601
0.0601
0.0601
0.0601
0.0601
0.0601
0.0601
0.0601
0.0601
0.0601
0.0601
0.0601
0.0601
0.0601
0.0601
0.0601
0.0601
0.0601
0.0601
0.0601
0.0601
0.0601
0.0601
0.0601
0.0601
0.0601
0.0601
0.0601
0.0601
0.0601
0.0601
0.0601
0.0601
0.0601
0.0601
0.0601
0.0601
0.0601
0.0601
0.0601
0.0601
0.0601
0.0601
0.0601
0.0601
0.0601
0.0601
0.0601
0.0601
0.0601
0.0601
0.0601
0.0601
0.0601
0.0601
0.0601
0.0601
0.0601
0.0601
0.0601
0.0601
0.0601
0.0601
0.0601
0.0601
0.0601
0.0601
0.0601
0.0601
0.0601
0.0601
0.0601
0.0601
0.0601
0.0601
0.0601
0.0601
0.0601
0.0601
0.0601
0.0601
0.0601
0.0601
0.0601
0.0601
0.0601
0.0601
0.0601
0.0601
0.0601
0.0601
0.0601
0.0601
0.0601
0.0601
0.0601
0.0601
0.0601
0.0601
0.0601
0.0601
0.0601
0.0601
0.0601
0.0601
0.0601
0.0601
0.0601
0.0601
0.0601
0.0601
0.0601
0.0601
0.0601
0.0601
0.0601
0.0601
0.0601
0.0601
0.0601
0.0601
0.0601
0.0601
0.0601
0.0601
0.0601
0.0601
0.0601
0.0601
0.0601
0.0601
0.0601
0.0601
0.0601
0.0601
0.0601
0.0601
0.0601
0.0601
0.0601
0.0601
0.0601
0.0601
0.0601
0.0601
0.0601
0.0601
0.0601
0.0601
0.0601
0.0601
0.0601
0.0601
0.0601
0.0601
0.0601
0.0601
0.0601
0.0601
0.0601
0.0601
0.0601
0.0601
0.0601
0.0601
0.0601
0.0601
0.0601
0.0601
0.0601
0.0601
0.0601
0.0601
0.0601
0.0601
0.0601
0.0601
0.0601
0.0601
0.0601
0.0601
0.0601
0.0601
0.0601
0.0601
0.0601
0.0601
0.0601
0.0601
0.0601
0.0601
0.0601
0.0601
0.0601
0.0601
0.0601
0.0601
0.0601
0.0601
0.0601
0.0601
0.0601
0.0601
0.0601
0.0601
0.0601
0.0601
0.0601
0.0601
0.0601
0.0601
0.0601
0.0601
0.0601
0.0601
0.0601
0.0601
0.0601
0.0601
0.0601
0.0601
0.0601
0.0601
0.0601
0.0601
0.0601
0.0601
0.0601
0.0601
0.0601
0.0601
0.0601
0.0601
0.0601
0.0601
0.0601
0.0601
0.0601
0.0601
0.0601
0.0601
0.0601
0.0601
0.0601
0.0601
0.0601
0.0601
0.0601
0.0601
0.0601
0.0601
0.0601
0.0601
0.0601
0.0601
0.0601
0.0601
0.0601
0.0601
0.0601
0.0601
0.0601
0.0601
0.0601
0.0601
0.0601
0.0601
0.0601
0.0601
0.0601
0.0601
0.0601
0.0601
0.0601
0.0601
0.0601
0.0601
0.0601
0.0601
0.0601
0.0601
0.0601
0.0601
0.0601
0.0601
0.0601
0.0601
0.0601
0.0601
0.0601
0.0601
0.0601
0.0601
0.0601
0.0601
0.0601
0.0601
0.0601
0.0601
0.0601
0.0601
0.0601
0.0601
0.0601
0.0601
0.0601
0.0601
0.0601
0.0601
0.0601
0.0601
0.0601
0.0601
0.0601
0.0601
0.0601
0.0601
0.0601
0.0601
0.0601
0.0601
0.0601
0.0601
0.0601
0.0601
0.0601
0.0601
0.0601
0.0601
0.0601
0.0601
0.0601
0.0601
0.0601
0.0601
0.0601
0.0601
0.0601
0.0601
0.0601
0.0601
0.0601
0.0601
0.0601
0.0601
0.0601
0.0601
0.0601
0.0601
0.0601
0.0601
0.0601
0.0601
0.0601
0.0601
0.0601
0.0601
0.0601
0.0601
0.0601
0.0601
0.0601
0.0601
0.0601
0.0601
0.0601
0.0601
0.0601
0.0601
0.0601
0.0601
0.0601
0.0601
0.0601
0.0601
0.0601
0.0601
0.0601
0.0601
0.0601
0.0601
0.0601
0.0601
0.0601
0.0601
0.0601
0.0601
0.0601
0.0601
0.0601
0.0601
0.0601
0.0601
0.0601
0.0601
0.0601
0.0601
0.0601
0.0601
0.0601
0.0601
0.0601
0.0601
0.0601
0.0601
0.0601
0.0601
0.0601
0.0601
0.0601
0.0601
0.0601
0.0601
0.0601
0.0601
0.0601
0.0601
0.0601
0.0601
0.0601
0.0601
0.0601
0.0601
0.0601
0.0601
0.0601
0.0601
0.0601
0.0601
0.0601
0.0601
0.0601
0.0601
0.0601
0.0601
0.0601
0.0601
0.0601
0.0601
0.0601
0.0601
0.0601
0.0601
0.0601
0.0601
0.0601
0.0601
0.0601
0.0601
0.0601
0.0601
0.0601
0.0601
0.0601
0.0601
0.0601
0.0601
0.0601
0.0601
0.0601
0.0601
0.0601
0.0601
0.0601
0.0601
0.0601
0.0601
0.0601
0.0601
0.0601
0.0601
0.0601
0.0601
0.0601
0.0601
0.0601
0.0601
0.0601
0.0601
0.0601
0.0601
0.0601
0.0601
0.0601
0.0601
0.0601
0.0601
0.0601
0.0601
0.0601
0.0601
0.0601
0.0601
0.0601
0.0601
0.0601
0.0601
0.0601
0.0601
0.0601
0.0601
0.0601
0.0601
0.0601
0.0601
0.0601
0.0601
0.0601
0.0601
0.0601
0.0601
0.0601
0.0601
0.0601
0.0601
0.0601
0.0601
0.0601
0.0601
0.0601
0.0601
0.0601
0.0601
0.0601
0.0601
0.0601
0.0601
0.0601
0.0601
0.0601
0.0601
0.0601
0.0601
0.0601
0.0601
0.0601
0.0601
0.0601
0.0601
0.0601
0.0601
0.0601
0.0601
0.0601
0.0601
0.0601
0.0601
0.0601
0.0601
0.0601
0.0601
0.0601
0.0601
0.0601
0.0601
0.0601
0.0601
0.0601
0.0601
0.0601
0.0601
0.0601
0.0601
0.0601
0.0601
0.0601
0.0601
0.0601
0.0601
0.0601
0.0601
0.0601
0.0601
0.0601
0.0601
0.0601
0.0601
0.0601
0.0601
0.0601
0.0601
0.0601
0.0601
0.0601
0.0601
0.0601
0.0601
0.0601
0.0601
0.0601
0.0601
0.0601
0.0601
0.0601
0.0601
0.0601
0.0601
0.0601
0.0601
0.0601
0.0601
0.0601
0.0601
0.0601
0.0601
0.0601
0.0601
0.0601
0.0601
0.0601
0.0601
0.0601
0.0601
0.0601
0.0601
0.0601
0.0601
0.0601
0.0601
0.0601
0.0601
0.0601
0.0601
0.0601
0.0601
0.0601
0.0601
0.0601
0.0601
0.0601
0.0601
0.0601
0.0601
0.0601
0.0601
0.0601
0.0601
0.0601
0.0601
0.0601
0.0601
0.0601
0.0601
0.0601
0.0601
0.0601
0.0601
0.0601
0.0601
0.0601
0.0601
0.0601
0.0601
0.0601
0.0601
0.0601
0.0601
0.0601
0.0601
0.0601
0.0601
0.0601
0.0601
0.0601
0.0601
0.0601
0.0601
0.0601
0.0601
0.0601
0.0601
0.0601
0.0601
0.0601
0.0601
0.0601
0.0601
0.0601
0.0601
0.0601
0.0601
0.0601
0.0601
0.0601
0.0601
0.0601
0.0601
0.0601
0.0601
0.0601
0.0601
0.0601
0.0601
0.0601
0.0601
0.0601
0.0601
0.0601
0.0601
0.0601
0.0601
0.0601
0.0601
0.0601
0.0601
0.0601
0.0601
0.0601
0.0601
0.0601
0.0601
0.0601
0.0601
0.0601
0.0601
0.0601
0.0601
0.0601
0.0601
0.0601
0.0601
0.0601
0.0601
0.0601
0.0601
0.0601
0.0601
0.0601
0.0601
0.0601
0.0601
0.0601
0.0601
0.0601
0.0601
0.0601
0.0601
0.0601
0.0601
0.0601
0.0601
0.0601
0.0601
0.0601
0.0601
0.0601
0.0601
0.0601
0.0601
0.0601
0.0601
0.0601
0.0601
0.0601
0.0601
0.0601
0.0601
0.0601
0.0601
0.0601
0.0601
0.0601
0.0601
0.0601
0.0601
0.0601
0.0601
0.0601
0.0601
0.0601
0.0601
0.0601
0.0601
0.0601
0.0601
0.0601
0.0601
0.0601
0.0601
0.0601
0.0601
0.0601
0.0601
0.0601
0.0601
0.0601
0.0601
0.0601
0.0601
0.0601
0.0601
0.0601
0.0601
0.0601
0.0601
0.0601
0.0601
0.0601
0.0601
0.0601
0.0601
0.0601
0.0601
0.0601
0.0601
0.0601
0.0601
0.0601
0.0601
0.0601
0.0601
0.0601
0.0601
0.0601
0.0601
0.0601
0.0601
0.0601
0.0601
0.0601
0.0601
0.0601
0.0601
0.0601
0.0601
0.0601
0.0601
0.0601
0.0601
0.0601
0.0601
0.0601
0.0601
0.0601
0.0601
0.0601
0.0601
0.0601
0.0601
0.0601
0.0601
0.0601
0.0601
0.0601
0.0601
0.0601
0.0601
0.0601
0.0601
0.0601
0.0601
0.0601
0.0601
0.0601
0.0601
0.0601
0.0601
0.0601
0.0601
0.0601
0.0601
0.0601
0.0601
0.0601
0.0601
0.0601
0.0601
0.0601
0.0601
0.0601
0.0601
0.0601
0.0601
0.0601
0.0601
0.0601
0.0601
0.0601
0.0601
0.0601
0.0601
0.0601
0.0601
0.0601
0.0601
0.0601
0.0601
0.0601
0.0601
0.0601
0.0601
0.0601
0.0601
0.0601
0.0601
0.0601
0.0601
0.0601
0.0601
0.0601
0.0601
0.0601
0.0601
0.0601
0.0601
0.0601
0.0601
0.0601
0.0601
0.0601
0.0601
0.0601
0.0601
0.0601
0.0601
0.0601
0.0601
0.0601
0.0601
0.0601
0.0601
0.0601
0.0601
0.0601
0.0601
0.0601
0.0601
0.0601
0.0601
0.0601
0.0601
0.0601
0.0601
0.0601
0.0601
0.0601
0.0601
0.0601
0.0601
0.0601
0.0601
0.0601
0.0601
0.0601
0.0601
0.0601
0.0601
0.0601
0.0601
0.0601
0.0601
0.0601
0.0601
0.0601
0.0601
0.0601
0.0601
0.0601
0.0601
0.0601
0.0601
0.0601
0.0601
0.0601
0.0601
0.0601
0.0601
0.0601
0.0601
0.0601
0.0601
0.0601
0.0601
0.0601
0.0601
0.0601
0.0601
0.0601
0.0601
0.0601
0.0601
0.0601
0.0601
0.0601
0.0601
0.0601
0.0601
0.0601
0.0601
0.0601
0.0601
0.0601
0.0601
0.0601
0.0601
0.0601
0.0601
0.0601
0.0601
0.0601
0.0601
0.0601
0.0601
0.0601
0.0601
0.0601
0.0601
0.0601
0.0601
0.0601
0.0601
0.0601
0.0601
0.0601
0.0601
0.0601
0.0601
0.0601
0.0601
0.0601
0.0601
0.0601
0.0601
0.0601
0.0601
0.0601
0.0601
0.0601
0.0601
0.0601
0.0601
0.0601
0.0601
0.0601
0.0601
0.0601
0.0601
0.0601
0.0601
0.0601
0.0601
0.0601
0.0601
0.0601
0.0601
0.0601
0.0601
0.0601
0.0601
0.0601
0.0601
0.0601
0.0601
0.0601
0.0601
0.0601
0.0601
0.0601
0.0601
0.0601
0.0601
0.0601
0.0601
0.0601
0.0601
0.0601
0.0601
0.0601
0.0601
0.0601
0.0601
0.0601
0.0601
0.0601
0.0601
0.0601
0.0601
0.0601
0.0601
0.0601
0.0601
0.0601
0.0601
0.0601
0.0601
0.0601
0.0601
0.0601
0.0601
0.0601
0.0601
0.0601
0.0601
0.0601
0.0601
0.0601
0.0601
0.0601
0.0601
0.0601
0.0601
0.0601
0.0601
0.0601
0.0601
0.0601
0.0601
0.0601
0.0601
0.0601
0.0601
0.0601
0.0601
0.0601
0.0601
0.0601
0.0601
0.0601
0.0601
0.0601
0.0601
0.0601
0.0601
0.0601
0.0601
0.0601
0.0601
0.0601
0.0601
0.0601
0.0601
0.0601
0.0601
0.0601
0.0601
0.0601
0.0601
0.0601
0.0601
0.0601
0.0601
0.0601
0.0601
0.0601
0.0601
0.0601
0.0601
0.0601
0.0601
0.0601
0.0601
0.0601
0.0601
0.0601
0.0601
0.0601
0.0601
0.0601
0.0601
0.0601
0.0601
0.0601
0.0601
0.0601
0.0601
0.0601
0.0601
0.0601
0.0601
0.0601
0.0601
0.0601
0.0601
0.0601
0.0601
0.0601
0.0601
0.0601
0.0601
0.0601
0.0601
0.0601
0.0601
0.0601
0.0601
0.0601
0.0601
0.0601
0.0601
0.0601
0.0601
0.0601
0.0601
0.0601
0.0601
0.0601
0.0601
0.0601
0.0601
0.0601
0.0601
0.0601
0.0601
0.0601
0.0601
0.0601
0.0601
0.0601
0.0601
0.0601
0.0601
0.0601
0.0601
0.0601
0.0601
0.0601
0.0601
0.0601
0.0601
0.0601
0.0601
0.0601
0.0601
0.0601
0.0601
0.0601
0.0601
0.0601
0.0601
0.0601
0.0601
0.0601
0.0601
0.0601
0.0601
0.0601
0.0601
0.0601
0.0601
0.0601
0.0601
0.0601
0.0601
0.0601
0.0601
0.0601
0.0601
0.0601
0.0601
0.0601
0.0601
0.0601
0.0601
0.0601
0.0601
0.0601
0.0601
0.0601
0.0601
0.0601
0.0601
0.0601
0.0601
0.0601
0.0601
0.0601
0.0601
0.0601
0.0601
0.0601
0.0601
0.0601
0.0601
0.0601
0.0601
0.0601
0.0601
0.0601
0.0601
0.0601
0.0601
0.0601
0.0601
0.0601
0.0601
0.0601
0.0601
0.0601
0.0601
0.0601
0.0601
0.0601
0.0601
0.0601
0.0601
0.0601
0.0601
0.0601
0.0601
0.0601
0.0601
0.0601
0.0601
0.0601
0.0601
0.0601
0.0601
0.0601
0.0601
0.0601
0.0601
0.0601
0.0601
0.0601
0.0601
0.0601
0.0601
0.0601
0.0601
0.0601
0.0601
0.0601
0.0601
0.0601
0.0601
0.0601
0.0601
0.0601
0.0601
0.0601
0.0601
0.0601
0.0601
0.0601
0.0601
0.0601
0.0601
0.0601
0.0601
0.0601
0.0601
0.0601
0.0601
0.0601
0.0601
0.0601
0.0601
0.0601
0.0601
0.0601
0.0601
0.0601
0.0601
0.0601
0.0601
0.0601
0.0601
0.0601
0.0601
0.0601
0.0601
0.0601
0.0601
0.0601
0.0601
0.0601
0.0601
0.0601
0.0601
0.0601
0.0601
0.0601
0.0601
0.0601
0.0601
0.0601
0.0601
0.0601
0.0601
0.0601
0.0601
0.0601
0.0601
0.0601
0.0601
0.0601
0.0601
0.0601
0.0601
0.0601
0.0601
0.0601
0.0601
0.0601
0.0601
0.0601
0.0601
0.0601
0.0601
0.0601
0.0601
0.0601
0.0601
0.0601
0.0601
0.0601
0.0601
0.0601
0.0601
0.0601
0.0601
0.0601
0.0601
0.0601
0.0601
0.0601
0.0601
0.0601
0.0601
0.0601
0.0601
0.0601
0.0601
0.0601
0.0601
0.0601
0.0601
0.0601
0.0601
0.0601
0.0601
0.0601
0.0601
0.0601
0.0601
0.0601
0.0601
0.0601
0.0601
0.0601
0.0601
0.0601
0.0601
0.0601
0.0601
0.0601
0.0601
0.0601
0.0601
0.0601
0.0601
0.0601
0.0601
0.0601
0.0601
0.0601
0.0601
0.0601
0.0601
0.0601
0.0601
0.0601
0.0601
0.0601
0.0601
0.0601
0.0601
0.0601
0.0601
0.0601
0.0601
0.0601
0.0601
0.0601
0.0601
0.0601
0.0601
0.0601
0.0601
0.0601
0.0601
0.0601
0.0601
0.0601
0.0601
0.0601
0.0601
0.0601
0.0601
0.0601
0.0601
0.0601
0.0601
0.0601
0.0601
0.0601
0.0601
0.0601
0.0601
0.0601
0.0601
0.0601
0.0601
0.0601
0.0601
0.0601
0.0601
0.0601
0.0601
0.0601
0.0601
0.0601
0.0601
0.0601
0.0601
0.0601
0.0601
0.0601
0.0601
0.0601
0.0601
0.0601
0.0601
0.0601
0.0601
0.0601
0.0601
0.0601
0.0601
0.0601
0.0601
0.0601
0.0601
0.0601
0.0601
0.0601
0.0601
0.0601
0.0601
0.0601
0.0601
0.0601
0.0601
0.0601
0.0601
0.0601
0.0601
0.0601
0.0601
0.0601
0.0601
0.0601
0.0601
0.0601
0.0601
0.0601
0.0601
0.0601
0.0601
0.0601
0.0601
0.0601
0.0601
0.0601
0.0601
0.0601
0.0601
0.0601
0.0601
0.0601
0.0601
0.0601
0.0601
0.0601
0.0601
0.0601
0.0601
0.0601
0.0601
0.0601
0.0601
0.0601
0.0601
0.0601
0.0601
0.0601
0.0601
0.0601
0.0601
0.0601
0.0601
0.0601
0.0601
0.0601
0.0601
0.0601
0.0601
0.0601
0.0601
0.0601
0.0601
0.0601
0.0601
0.0601
0.0601
0.0601
0.0601
0.0601
0.0601
0.0601
0.0601
0.0601
0.0601
0.0601
0.0601
0.0601
0.0601
0.0601
0.0601
0.0601
0.0601
0.0601
0.0601
0.0601
0.0601
0.0601
0.0601
0.0601
0.0601
0.0601
0.0601
0.0601
0.0601
0.0601
0.0601
0.0601
0.0601
0.0601
0.0601
0.0601
0.0601
0.0601
0.0601
0.0601
0.0601
0.0601
0.0601
0.0601
0.0601
0.0601
0.0601
0.0601
0.0601
0.0601
0.0601
0.0601
0.0601
0.0601
0.0601
0.0601
0.0601
0.0601
0.0601
0.0601
0.0601
0.0601
0.0601
0.0601
0.0601
0.0601
0.0601
0.0601
0.0601
0.0601
0.0601
0.0601
0.0601
0.0601
0.0601
0.0601
0.0601
0.0601
0.0601
0.0601
0.0601
0.0601
0.0601
0.0601
0.0601
0.0601
0.0601
0.0601
0.0601
0.0601
0.0601
0.0601
0.0601
0.0601
0.0601
0.0601
0.0601
0.0601
0.0601
0.0601
0.0601
0.0601
0.0601
0.0601
0.0601
0.0601
0.0601
0.0601
0.0601
0.0601
0.0601
0.0601
0.0601
0.0601
0.0601
0.0601
0.0601
0.0601
0.0601
0.0601
0.0601
0.0601
0.0601
0.0601
0.0601
0.0601
0.0601
0.0601
0.0601
0.0601
0.0601
0.0601
0.0601
0.0601
0.0601
0.0601
0.0601
0.0601
0.0601
0.0601
0.0601
0.0601
0.0601
0.0601
0.0601
0.0601
0.0601
0.0601
0.0601
0.0601
0.0601
0.0601
0.0601
0.0601
0.0601
0.0601
0.0601
0.0601
0.0601
0.0601
0.0601
0.0601
0.0601
0.0601
0.0601
0.0601
0.0601
0.0601
0.0601
0.0601
0.0601
0.0601
0.0601
0.0601
0.0601
0.0601
0.0601
0.0601
0.0601
0.0601
0.0601
0.0601
0.0601
0.0601
0.0601
0.0601
0.0601
0.0601
0.0601
0.0601
0.0601
0.0601
0.0601
0.0601
0.0601
0.0601
0.0601
0.0601
0.0601
0.0601
0.0601
0.0601
0.0601
0.0601
0.0601
0.0601
0.0601
0.0601
0.0601
0.0601
0.0601
0.0601
0.0601
0.0601
0.0601
0.0601
0.0601
0.0601
0.0601
0.0601
0.0601
0.0601
0.0601
0.0601
0.0601
0.0601
0.0601
0.0601
0.0601
0.0601
0.0601
0.0601
0.0601
0.0601
0.0601
0.0601
0.0601
0.0601
0.0601
0.0601
0.0601
0.0601
0.0601
0.0601
0.0601
0.0601
0.0601
0.0601
0.0601
0.0601
0.0601
0.0601
0.0601
0.0601
0.0601
0.0601
0.0601
0.0601
0.0601
0.0601
0.0601
0.0601
0.0601
0.0601
0.0601
0.0601
0.0601
0.0601
0.0601
0.0601
0.0601
0.0601
0.0601
0.0601
0.0601
0.0601
0.0601
0.0601
0.0601
0.0601
0.0601
0.0601
0.0601
0.0601
0.0601
0.0601
0.0601
0.0601
0.0601
0.0601
0.0601
0.0601
0.0601
0.0601
0.0601
0.0601
0.0601
0.0601
0.0601
0.0601
0.0601
0.0601
0.0601
0.0601
0.0601
0.0601
0.0601
0.0601
0.0601
0.0601
0.0601
0.0601
0.0601
0.0601
0.0601
0.0601
0.0601
0.0601
0.0601
0.0601
0.0601
0.0601
0.0601
0.0601
0.0601
0.0601
0.0601
0.0601
0.0601
0.0601
0.0601
0.0601
0.0601
0.0601
0.0601
0.0601
0.0601
0.0601
0.0601
0.0601
0.0601
0.0601
0.0601
0.0601
0.0601
0.0601
0.0601
0.0601
0.0601
0.0601
0.0601
0.0601
0.0601
0.0601
0.0601
0.0601
0.0601
0.0601
0.0601
0.0601
0.0601
0.0601
0.0601
0.0601
0.0601
0.0601
0.0601
0.0601
0.0601
0.0601
0.0601
0.0601
0.0601
0.0601
0.0601
0.0601
0.0601
0.0601
0.0601
0.0601
0.0601
0.0601
0.0601
0.0601
0.0601
0.0601
0.0601
0.0601
0.0601
0.0601
0.0601
0.0601
0.0601
0.0601
0.0601
0.0601
0.0601
0.0601
0.0601
0.0601
0.0601
0.0601
0.0601
0.0601
0.0601
0.0601
0.0601
0.0601
0.0601
0.0601
0.0601
0.0601
0.0601
0.0601
0.0601
0.0601
0.0601
0.0601
0.0601
0.0601
0.0601
0.0601
0.0601
0.0601
0.0601
0.0601
0.0601
0.0601
0.0601
0.0601
0.0601
0.0601
0.0601
0.0601
0.0601
0.0601
0.0601
0.0601
0.0601
0.0601
0.0601
0.0601
0.0601
0.0601
0.0601
0.0601
0.0601
0.0601
0.0601
0.0601
0.0601
0.0601
0.0601
0.0601
0.0601
0.0601
0.0601
0.0601
0.0601
0.0601
0.0601
0.0601
0.0601
0.0601
0.0601
0.0601
0.0601
0.0601
0.0601
0.0601
0.0601
0.0601
0.0601
0.0601
0.0601
0.0601
0.0601
0.0601
0.0601
0.0601
0.0601
0.0601
0.0601
0.0601
0.0601
0.0601
0.0601
0.0601
0.0601
0.0601
0.0601
0.0601
0.0601
0.0601
0.0601
0.0601
0.0601
0.0601
0.0601
0.0601
0.0601
0.0601
0.0601
0.0601
0.0601
0.0601
0.0601
0.0601
0.0601
0.0601
0.0601
0.0601
0.0601
0.0601
0.0601
0.0601
0.0601
0.0601
0.0601
0.0601
0.0601
0.0601
0.0601
0.0601
0.0601
0.0601
0.0601
0.0601
0.0601
0.0601
0.0601
0.0601
0.0601
0.0601
0.0601
0.0601
0.0601
0.0601
0.0601
0.0601
0.0601
0.0601
0.0601
0.0601
0.0601
0.0601
0.0601
0.0601
0.0601
0.0601
0.0601
0.0601
0.0601
0.0601
0.0601
0.0601
0.0601
0.0601
0.0601
0.0601
0.0601
0.0601
0.0601
0.0601
0.0601
0.0601
0.0601
0.0601
0.0601
0.0601
0.0601
0.0601
0.0601
0.0601
0.0601
0.0601
0.0601
0.0601
0.0601
0.0601
0.0601
0.0601
0.0601
0.0601
0.0601
0.0601
0.0601
0.0601
0.0601
0.0601
0.0601
0.0601
0.0601
0.0601
0.0601
0.0601
0.0601
0.0601
0.0601
0.0601
0.0601
0.0601
0.0601
0.0601
0.0601
0.0601
0.0601
0.0601
0.0601
0.0601
0.0601
0.0601
0.0601
0.0601
0.0601
0.0601
0.0601
0.0601
0.0601
0.0601
0.0601
0.0601
0.0601
0.0601
0.0601
0.0601
0.0601
0.0601
0.0601
0.0601
0.0601
0.0601
0.0601
0.0601
0.0601
0.0601
0.0601
0.0601
0.0601
0.0601
0.0601
0.0601
0.0601
0.0601
0.0601
0.0601
0.0601
0.0601
0.0601
0.0601
0.0601
0.0601
0.0601
0.0601
0.0601
0.0601
0.0601
0.0601
0.0601
0.0601
0.0601
0.0601
0.0601
0.0601
0.0601
0.0601
0.0601
0.0601
0.0601
0.0601
0.0601
0.0601
0.0601
0.0601
0.0601
0.0601
0.0601
0.0601
0.0601
0.0601
0.0601
0.0601
0.0601
0.0601
0.0601
0.0601
0.0601
0.0601
0.0601
0.0601
0.0601
0.0601
0.0601
0.0601
0.0601
0.0601
0.0601
0.0601
0.0601
0.0601
0.0601
0.0601
0.0601
0.0601
0.0601
0.0601
0.0601
0.0601
0.0601
0.0601
0.0601
0.0601
0.0601
0.0601
0.0601
0.0601
0.0601
0.0601
0.0601
0.0601
0.0601
0.0601
0.0601
0.0601
0.0601
0.0601
0.0601
0.0601
0.0601
0.0601
0.0601
0.0601
0.0601
0.0601
0.0601
0.0601
0.0601
0.0601
0.0601
0.0601
0.0601
0.0601
0.0601
0.0601
0.0601
0.0601
0.0601
0.0601
0.0601
0.0601
0.0601
0.0601
0.0601
0.0601
0.0601
0.0601
0.0601
0.0601
0.0601
0.0601
0.0601
0.0601
0.0601
0.0601
0.0601
0.0601
0.0601
0.0601
0.0601
0.0601
0.0601
0.0601
0.0601
0.0601
0.0601
0.0601
0.0601
0.0601
0.0601
0.0601
0.0601
0.0601
0.0601
0.0601
0.0601
0.0601
0.0601
0.0601
0.0601
0.0601
0.0601
0.0601
0.0601
0.0601
0.0601
0.0601
0.0601
0.0601
0.0601
0.0601
0.0601
0.0601
0.0601
0.0601
0.0601
0.0601
0.0601
0.0601
0.0601
0.0601
0.0601
0.0601
0.0601
0.0601
0.0601
0.0601
0.0601
0.0601
0.0601
0.0601
0.0601
0.0601
0.0601
0.0601
0.0601
0.0601
0.0601
0.0601
0.0601
0.0601
0.0601
0.0601
0.0601
0.0601
0.0601
0.0601
0.0601
0.0601
0.0601
0.0601
0.0601
0.0601
0.0601
0.0601
0.0601
0.0601
0.0601
0.0601
0.0601
0.0601
0.0601
0.0601
0.0601
0.0601
0.0601
0.0601
0.0601
0.0601
0.0601
0.0601
0.0601
0.0601
0.0601
0.0601
0.0601
0.0601
0.0601
0.0601
0.0601
0.0601
0.0601
0.0601
0.0601
0.0601
0.0601
0.0601
0.0601
0.0601
0.0601
0.0601
0.0601
0.0601
0.0601
0.0601
0.0601
0.0601
0.0601
0.0601
0.0601
0.0601
0.0601
0.0601
0.0601
0.0601
0.0601
0.0601
0.0601
0.0601
0.0601
0.0601
0.0601
0.0601
0.0601
0.0601
0.0601
0.0601
0.0601
0.0601
0.0601
0.0601
0.0601
0.0601
0.0601
0.0601
0.0601
0.0601
0.0601
0.0601
0.0601
0.0601
0.0601
0.0601
0.0601
0.0601
0.0601
0.0601
0.0601
0.0601
0.0601
0.0601
0.0601
0.0601
0.0601
0.0601
0.0601
0.0601
0.0601
0.0601
0.0601
0.0601
0.0601
0.0601
0.0601
0.0601
0.0601
0.0601
0.0601
0.0601
0.0601
0.0601
0.0601
0.0601
0.0601
0.0601
0.0601
0.0601
0.0601
0.0601
0.0601
0.0601
0.0601
0.0601
0.0601
0.0601
0.0601
0.0601
0.0601
0.0601
0.0601
0.0601
0.0601
0.0601
0.0601
0.0601
0.0601
0.0601
0.0601
0.0601
0.0601
0.0601
0.0601
0.0601
0.0601
0.0601
0.0601
0.0601
0.0601
0.0601
0.0601
0.0601
0.0601
0.0601
0.0601
0.0601
0.0601
0.0601
0.0601
0.0601
0.0601
0.0601
0.0601
0.0601
0.0601
0.0601
0.0601
0.0601
0.0601
0.0601
0.0601
0.0601
0.0601
0.0601
0.0601
0.0601
0.0601
0.0601
0.0601
0.0601
0.0601
0.0601
0.0601
0.0601
0.0601
0.0601
0.0601
0.0601
0.0601
0.0601
0.0601
0.0601
0.0601
0.0601
0.0601
0.0601
0.0601
0.0601
0.0601
0.0601
0.0601
0.0601
0.0601
0.0601
0.0601
0.0601
0.0601
0.0601
0.0601
0.0601
0.0601
0.0601
0.0601
0.0601
0.0601
0.0601
0.0601
0.0601
0.0601
0.0601
0.0601
0.0601
0.0601
0.0601
0.0601
0.0601
0.0601
0.0601
0.0601
0.0601
0.0601
0.0601
0.0601
0.0601
0.0601
0.0601
0.0601
0.0601
0.0601
0.0601
0.0601
0.0601
0.0601
0.0601
0.0601
0.0601
0.0601
0.0601
0.0601
0.0601
0.0601
0.0601
0.0601
0.0601
0.0601
0.0601
0.0601
0.0601
0.0601
0.0601
0.0601
0.0601
0.0601
0.0601
0.0601
0.0601
0.0601
0.0601
0.0601
0.0601
0.0601
0.0601
0.0601
0.0601
0.0601
0.0601
0.0601
0.0601
0.0601
0.0601
0.0601
0.0601
0.0601
0.0601
0.0601
0.0601
0.0601
0.0601
0.0601
0.0601
0.0601
0.0601
0.0601
0.0601
0.0601
0.0601
0.0601
0.0601
0.0601
0.0601
0.0601
0.0601
0.0601
0.0601
0.0601
0.0601
0.0601
0.0601
0.0601
0.0601
0.0601
0.0601
0.0601
0.0601
0.0601
0.0601
0.0601
0.0601
0.0601
0.0601
0.0601
0.0601
0.0601
0.0601
0.0601
0.0601
0.0601
0.0601
0.0601
0.0601
0.0601
0.0601
0.0601
0.0601
0.0601
0.0601
0.0601
0.0601
0.0601
0.0601
0.0601
0.0601
0.0601
0.0601
0.0601
0.0601
0.0601
0.0601
0.0601
0.0601
0.0601
0.0601
0.0601
0.0601
0.0601
0.0601
0.0601
0.0601
0.0601
0.0601
0.0601
0.0601
0.0601
0.0601
0.0601
0.0601
0.0601
0.0601
0.0601
0.0601
0.0601
0.0601
0.0601
0.0601
0.0601
0.0601
0.0601
0.0601
0.0601
0.0601
0.0601
0.0601
0.0601
0.0601
0.0601
0.0601
0.0601
0.0601
0.0601
0.0601
0.0601
0.0601
0.0601
0.0601
0.0601
0.0601
0.0601
0.0601
0.0601
0.0601
0.0601
0.0601
0.0601
0.0601
0.0601
0.0601
0.0601
0.0601
0.0601
0.0601
0.0601
0.0601
0.0601
0.0601
0.0601
0.0601
0.0601
0.0601
0.0601
0.0601
0.0601
0.0601
0.0601
0.0601
0.0601
0.0601
0.0601
0.0601
0.0601
0.0601
0.0601
0.0601
0.0601
0.0601
0.0601
0.0601
0.0601
0.0601
0.0601
0.0601
0.0601
0.0601
0.0601
0.0601
0.0601
0.0601
0.0601
0.0601
0.0601
0.0601
0.0601
0.0601
0.0601
0.0601
0.0601
0.0601
0.0601
0.0601
0.0601
0.0601
0.0601
0.0601
0.0601
0.0601
0.0601
0.0601
0.0601
0.0601
0.0601
0.0601
0.0601
0.0601
0.0601
0.0601
0.0601
0.0601
0.0601
0.0601
0.0601
0.0601
0.0601
0.0601
0.0601
0.0601
0.0601
0.0601
0.0601
0.0601
0.0601
0.0601
0.0601
0.0601
0.0601
0.0601
0.0601
0.0601
0.0601
0.0601
0.0601
0.0601
0.0601
0.0601
0.0601
0.0601
0.0601
0.0601
0.0601
0.0601
0.0601
0.0601
0.0601
0.0601
0.0601
0.0601
0.0601
0.0601
0.0601
0.0601
0.0601
0.0601
0.0601
0.0601
0.0601
0.0601
0.0601
0.0601
0.0601
0.0601
0.0601
0.0601
0.0601
0.0601
0.0601
0.0601
0.0601
0.0601
0.0601
0.0601
0.0601
0.0601
0.0601
0.0601
0.0601
0.0601
0.0601
0.0601
0.0601
0.0601
0.0601
0.0601
0.0601
0.0601
0.0601
0.0601
0.0601
0.0601
0.0601
0.0601
0.0601
0.0601
0.0601
0.0601
0.0601
0.0601
0.0601
0.0601
0.0601
0.0601
0.0601
0.0601
0.0601
0.0601
0.0601
0.0601
0.0601
0.0601
0.0601
0.0601
0.0601
0.0601
0.0601
0.0601
0.0601
0.0601
0.0601
0.0601
0.0601
0.0601
0.0601
0.0601
0.0601
0.0601
0.0601
0.0601
0.0601
0.0601
0.0601
0.0601
0.0601
0.0601
0.0601
0.0601
0.0601
0.0601
0.0601
0.0601
0.0601
0.0601
0.0601
0.0601
0.0601
0.0601
0.0601
0.0601
0.0601
0.0601
0.0601
0.0601
0.0601
0.0601
0.0601
0.0601
0.0601
0.0601
0.0601
0.0601
0.0601
0.0601
0.0601
0.0601
0.0601
0.0601
0.0601
0.0601
0.0601
0.0601
0.0601
0.0601
0.0601
0.0601
0.0601
0.0601
0.0601
0.0601
0.0601
0.0601
0.0601
0.0601
0.0601
0.0601
0.0601
0.0601
0.0601
0.0601
0.0601
0.0601
0.0601
0.0601
0.0601
0.0601
0.0601
0.0601
0.0601
0.0601
0.0601
0.0601
0.0601
0.0601
0.0601
0.0601
0.0601
0.0601
0.0601
0.0601
0.0601
0.0601
0.0601
0.0601
0.0601
0.0601
0.0601
0.0601
0.0601
0.0601
0.0601
0.0601
0.0601
0.0601
0.0601
0.0601
0.0601
0.0601
0.0601
0.0601
0.0601
0.0601
0.0601
0.0601
0.0601
0.0601
0.0601
0.0601
0.0601
0.0601
0.0601
0.0601
0.0601
0.0601
0.0601
0.0601
0.0601
0.0601
0.0601
0.0601
0.0601
0.0601
0.0601
0.0601
0.0601
0.0601
0.0601
0.0601
0.0601
0.0601
0.0601
0.0601
0.0601
0.0601
0.0601
0.0601
0.0601
0.0601
0.0601
0.0601
0.0601
0.0601
0.0601
0.0601
0.0601
0.0601
0.0601
0.0601
0.0601
0.0601
0.0601
0.0601
0.0601
0.0601
0.0601
0.0601
0.0601
0.0601
0.0601
0.0601
0.0601
0.0601
0.0601
0.0601
0.0601
0.0601
0.0601
0.0601
0.0601
0.0601
0.0601
0.0601
0.0601
0.0601
0.0601
0.0601
0.0601
0.0601
0.0601
0.0601
0.0601
0.0601
0.0601
0.0601
0.0601
0.0601
0.0601
0.0601
0.0601
0.0601
0.0601
0.0601
0.0601
0.0601
0.0601
0.0601
0.0601
0.0601
0.0601
0.0601
0.0601
0.0601
0.0601
0.0601
0.0601
0.0601
0.0601
0.0601
0.0601
0.0601
0.0601
0.0601
0.0601
0.0601
0.0601
0.0601
0.0601
0.0601
0.0601
0.0601
0.0601
0.0601
0.0601
0.0601
0.0601
0.0601
0.0601
0.0601
0.0601
0.0601
0.0601
0.0601
0.0601
0.0601
0.0601
0.0601
0.0601
0.0601
0.0601
0.0601
0.0601
0.0601
0.0601
0.0601
0.0601
0.0601
0.0601
0.0601
0.0601
0.0601
0.0601
0.0601
0.0601
0.0601
0.0601
0.0601
0.0601
0.0601
0.0601
0.0601
0.0601
0.0601
0.0601
0.0601
0.0601
0.0601
0.0601
0.0601
0.0601
0.0601
0.0601
0.0601
0.0601
0.0601
0.0601
0.0601
0.0601
0.0601
0.0601
0.0601
0.0601
0.0601
0.0601
0.0601
0.0601
0.0601
0.0601
0.0601
0.0601
0.0601
0.0601
0.0601
0.0601
0.0601
0.0601
0.0601
0.0601
0.0601
0.0601
0.0601
0.0601
0.0601
0.0601
0.0601
0.0601
0.0601
0.0601
0.0601
0.0601
0.0601
0.0601
0.0601
0.0601
0.0601
0.0601
0.0601
0.0601
0.0601
0.0601
0.0601
0.0601
0.0601
0.0601
0.0601
0.0601
0.0601
0.0601
0.0601
0.0601
0.0601
0.0601
0.0601
0.0601
0.0601
0.0601
0.0601
0.0601
0.0601
0.0601
0.0601
0.0601
0.0601
0.0601
0.0601
0.0601
0.0601
0.0601
0.0601
0.0601
0.0601
0.0601
0.0601
0.0601
0.0601
0.0601
0.0601
0.0601
0.0601
0.0601
0.0601
0.0601
0.0601
0.0601
0.0601
0.0601
0.0601
0.0601
0.0601
0.0601
0.0601
0.0601
0.0601
0.0601
0.0601
0.0601
0.0601
0.0601
0.0601
0.0601
0.0601
0.0601
0.0601
0.0601
0.0601
0.0601
0.0601
0.0601
0.0601
0.0601
0.0601
0.0601
0.0601
0.0601
0.0601
0.0601
0.0601
0.0601
0.0601
0.0601
0.0601
0.0601
0.0601
0.0601
0.0601
0.0601
0.0601
0.0601
0.0601
0.0601
0.0601
0.0601
0.0601
0.0601
0.0601
0.0601
0.0601
0.0601
0.0601
0.0601
0.0601
0.0601
0.0601
0.0601
0.0601
0.0601
0.0601
0.0601
0.0601
0.0601
0.0601
0.0601
0.0601
0.0601
0.0601
0.0601
0.0601
0.0601
0.0601
0.0601
0.0601
0.0601
0.0601
0.0601
0.0601
0.0601
0.0601
0.0601
0.0601
0.0601
0.0601
0.0601
0.0601
0.0601
0.0601
0.0601
0.0601
0.0601
0.0601
0.0601
0.0601
0.0601
0.0601
0.0601
0.0601
0.0601
0.0601
0.0601
0.0601
0.0601
0.0601
0.0601
0.0601
0.0601
0.0601
0.0601
0.0601
0.0601
0.0601
0.0601
0.0601
0.0601
0.0601
0.0601
0.0601
0.0601
0.0601
0.0601
0.0601
0.0601
0.0601
0.0601
0.0601
0.0601
0.0601
0.0601
0.0601
0.0601
0.0601
0.0601
0.0601
0.0601
0.0601
0.0601
0.0601
0.0601
0.0601
0.0601
0.0601
0.0601
0.0601
0.0601
0.0601
0.0601
0.0601
0.0601
0.0601
0.0601
0.0601
0.0601
0.0601
0.0601
0.0601
0.0601
0.0601
0.0601
0.0601
0.0601
0.0601
0.0601
0.0601
0.0601
0.0601
0.0601
0.0601
0.0601
0.0601
0.0601
0.0601
0.0601
0.0601
0.0601
0.0601
0.0601
0.0601
0.0601
0.0601
0.0601
0.0601
0.0601
0.0601
0.0601
0.0601
0.0601
0.0601
0.0601
0.0601
0.0601
0.0601
0.0601
0.0601
0.0601
0.0601
0.0601
0.0601
0.0601
0.0601
0.0601
0.0601
0.0601
0.0601
0.0601
0.0601
0.0601
0.0601
0.0601
0.0601
0.0601
0.0601
0.0601
0.0601
0.0601
0.0601
0.0601
0.0601
0.0601
0.0601
0.0601
0.0601
0.0601
0.0601
0.0601
0.0601
0.0601
0.0601
0.0601
0.0601
0.0601
0.0601
0.0601
0.0601
0.0601
0.0601
0.0601
0.0601
0.0601
0.0601
0.0601
0.0601
0.0601
0.0601
0.0601
0.0601
0.0601
0.0601
0.0601
0.0601
0.0601
0.0601
0.0601
0.0601
0.0601
0.0601
0.0601
0.0601
0.0601
0.0601
0.0601
0.0601
0.0601
0.0601
0.0601
0.0601
0.0601
0.0601
0.0601
0.0601
0.0601
0.0601
0.0601
0.0601
0.0601
0.0601
0.0601
0.0601
0.0601
0.0601
0.0601
0.0601
0.0601
0.0601
0.0601
0.0601
0.0601
0.0601
0.0601
0.0601
0.0601
0.0601
0.0601
0.0601
0.0601
0.0601
0.0601
0.0601
0.0601
0.0601
0.0601
0.0601
0.0601
0.0601
0.0601
0.0601
0.0601
0.0601
0.0601
0.0601
0.0601
0.0601
0.0601
0.0601
0.0601
0.0601
0.0601
0.0601
0.0601
0.0601
0.0601
0.0601
0.0601
0.0601
0.0601
0.0601
0.0601
0.0601
0.0601
0.0601
0.0601
0.0601
0.0601
0.0601
0.0601
0.0601
0.0601
0.0601
0.0601
0.0601
0.0601
0.0601
0.0601
0.0601
0.0601
0.0601
0.0601
0.0601
0.0601
0.0601
0.0601
0.0601
0.0601
0.0601
0.0601
0.0601
0.0601
0.0601
0.0601
0.0601
0.0601
0.0601
0.0601
0.0601
0.0601
0.0601
0.0601
0.0601
0.0601
0.0601
0.0601
0.0601
0.0601
0.0601
0.0601
0.0601
0.0601
0.0601
0.0601
0.0601
0.0601
0.0601
0.0601
0.0601
0.0601
0.0601
0.0601
0.0601
0.0601
0.0601
0.0601
0.0601
0.0601
0.0601
0.0601
0.0601
0.0601
0.0601
0.0601
0.0601
0.0601
0.0601
0.0601
0.0601
0.0601
0.0601
0.0601
0.0601
0.0601
0.0601
0.0601
0.0601
0.0601
0.0601
0.0601
0.0601
0.0601
0.0601
0.0601
0.0601
0.0601
0.0601
0.0601
0.0601
0.0601
0.0601
0.0601
0.0601
0.0601
0.0601
0.0601
0.0601
0.0601
0.0601
0.0601
0.0601
0.0601
0.0601
0.0601
0.0601
0.0601
0.0601
0.0601
0.0601
0.0601
0.0601
0.0601
0.0601
0.0601
0.0601
0.0601
0.0601
0.0601
0.0601
0.0601
0.0601
0.0601
0.0601
0.0601
0.0601
0.0601
0.0601
0.0601
0.0601
0.0601
0.0601
0.0601
0.0601
0.0601
0.0601
0.0601
0.0601
0.0601
0.0601
0.0601
0.0601
0.0601
0.0601
0.0601
0.0601
0.0601
0.0601
0.0601
0.0601
0.0601
0.0601
0.0601
0.0601
0.0601
0.0601
0.0601
0.0601
0.0601
0.0601
0.0601
0.0601
0.0601
0.0601
0.0601
0.0601
0.0601
0.0601
0.0601
0.0601
0.0601
0.0601
0.0601
0.0601
0.0601
0.0601
0.0601
0.0601
0.0601
0.0601
0.0601
0.0601
0.0601
0.0601
0.0601
0.0601
0.0601
0.0601
0.0601
0.0601
0.0601
0.0601
0.0601
0.0601
0.0601
0.0601
0.0601
0.0601
0.0601
0.0601
0.0601
0.0601
0.0601
0.0601
0.0601
0.0601
0.0601
0.0601
0.0601
0.0601
0.0601
0.0601
0.0601
0.0601
0.0601
0.0601
0.0601
0.0601
0.0601
0.0601
0.0601
0.0601
0.0601
0.0601
0.0601
0.0601
0.0601
0.0601
0.0601
0.0601
0.0601
0.0601
0.0601
0.0601
0.0601
0.0601
0.0601
0.0601
0.0601
0.0601
0.0601
0.0601
0.0601
0.0601
0.0601
0.0601
0.0601
0.0601
0.0601
0.0601
0.0601
0.0601
0.0601
0.0601
0.0601
0.0601
0.0601
0.0601
0.0601
0.0601
0.0601
0.0601
0.0601
0.0601
0.06
0.06
0.06
0.06
0.0599
0.0599
0.0598
0.0598
0.0596
0.0594
0.0591
0.0587
0.0583
0.0577
0.0572
0.0566
0.0561
0.0557
0.0553
0.0549
0.0546
0.0543
0.0539
0.0535
0.053
0.0525
0.0518
0.0511
0.0503
0.0495
0.0487
0.0479
0.0471
0.0464
0.0457
0.0451
0.0444
0.0438
0.0431
0.0424
0.0416
0.0407
0.0397
0.0387
0.0377
0.0367
0.0356
0.0346
0.0336
0.0327
0.0318
0.0309
0.0301
0.0292
0.0283
0.0274
0.0265
0.0255
0.0245
0.0234
0.0224
0.0213
0.0202
0.0191
0.0181
0.017
0.016
0.015
0.0141
0.0131
0.0122
0.0112
0.0103
0.0093
0.0083
0.0073
0.0063
0.0053
0.0042
0.0032
0.0021
0.0011
0.0
-0.001
-0.002
-0.003
-0.0039
-0.0049
-0.0058
-0.0067
-0.0076
-0.0086
-0.0097
-0.0107
-0.0118
-0.0129
-0.014
-0.0151
-0.0161
-0.0171
-0.018
-0.0189
-0.0198
-0.0207
-0.0217
-0.0226
-0.0236
-0.0246
-0.0257
-0.0268
-0.0279
-0.029
-0.0301
-0.0312
-0.0323
-0.0333
-0.0342
-0.0352
-0.0361
-0.037
-0.0378
-0.0387
-0.0397
-0.0407
-0.0417
-0.0427
-0.0438
-0.0449
-0.046
-0.0471
-0.0482
-0.0493
-0.0503
-0.0513
-0.0523
-0.0533
-0.0542
-0.0551
-0.056
-0.0569
-0.0578
-0.0587
-0.0597
-0.0607
-0.0618
-0.0629
-0.064
-0.0651
-0.0662
-0.0673
-0.0684
-0.0694
-0.0704
-0.0714
-0.0723
-0.0731
-0.074
-0.0749
-0.0758
-0.0768
-0.0778
-0.0789
-0.08
-0.0811
-0.0822
-0.0833
-0.0843
-0.0854
-0.0863
-0.0873
-0.0882
-0.0891
-0.0899
-0.0909
-0.0918
-0.0928
-0.0938
-0.0949
-0.0961
-0.0972
-0.0983
-0.0994
-0.1004
-0.1015
-0.1024
-0.1033
-0.1042
-0.1051
-0.106
-0.1069
-0.1079
-0.1089
-0.11
-0.1111
-0.1122
-0.1133
-0.1144
-0.1154
-0.1164
-0.1174
-0.1183
-0.1192
-0.1201
-0.121
-0.122
-0.123
-0.124
-0.125
-0.1261
-0.1272
-0.1282
-0.1292
-0.1302
-0.1312
-0.1322
-0.1332
-0.1342
-0.1352
-0.1361
-0.1371
-0.1381
-0.1391
-0.1401
-0.1411
-0.1422
-0.1433
-0.1443
-0.1453
-0.1462
-0.1472
-0.1481
-0.149
-0.15
-0.151
-0.152
-0.1531
-0.1541
-0.1552
-0.1563
-0.1573
-0.1583
-0.1593
-0.1602
-0.1611
-0.1621
-0.163
-0.164
-0.1651
-0.1661
-0.1672
-0.1682
-0.1692
-0.1702
-0.1712
-0.1721
-0.1731
-0.174
-0.175
-0.176
-0.1771
-0.1781
-0.1791
-0.1802
-0.1812
-0.1821
-0.1831
-0.184
-0.1849
-0.1859
-0.1869
-0.188
-0.189
-0.1901
-0.1912
-0.1923
-0.1933
-0.1942
-0.1952
-0.1961
-0.197
-0.1979
-0.1988
-0.1998
-0.2008
-0.2018
-0.2029
-0.2039
-0.205
-0.206
-0.2071
-0.2081
-0.2092
-0.2102
-0.2112
-0.2122
-0.2131
-0.2141
-0.2151
-0.2161
-0.2171
-0.2181
-0.2191
-0.2201
-0.2211
-0.2221
-0.2231
-0.2241
-0.2251
-0.2261
-0.2271
-0.2281
-0.2291
-0.2301
-0.2311
-0.2322
-0.2332
-0.2342
-0.2352
-0.2361
-0.2371
-0.2381
-0.239
-0.24
-0.241
-0.242
-0.2431
-0.2442
-0.2452
-0.2463
-0.2473
-0.2483
-0.2493
-0.2503
-0.2512
-0.2521
-0.253
-0.2539
-0.2549
-0.2558
-0.2569
-0.2579
-0.259
-0.2601
-0.2612
-0.2623
-0.2633
-0.2644
-0.2654
-0.2664
-0.2673
-0.2682
-0.2692
-0.2701
-0.271
-0.272
-0.273
-0.274
-0.2751
-0.2761
-0.2772
-0.2782
-0.2793
-0.2803
-0.2813
-0.2822
-0.2831
-0.284
-0.285
-0.286
-0.287
-0.288
-0.2891
-0.2902
-0.2912
-0.2923
-0.2933
-0.2943
-0.2953
-0.2962
-0.2972
-0.2981
-0.2991
-0.3
-0.3011
-0.3021
-0.3032
-0.3043
-0.3053
-0.3063
-0.3073
-0.3083
-0.3093
-0.3102
-0.3111
-0.312
-0.3129
-0.3139
-0.3148
-0.3159
-0.3169
-0.318
-0.3191
-0.3203
-0.3213
-0.3224
-0.3234
-0.3244
-0.3254
-0.3264
-0.3273
-0.3282
-0.3291
-0.3301
-0.331
-0.332
-0.3331
-0.3341
-0.3352
-0.3362
-0.3372
-0.3382
-0.3392
-0.3402
-0.3411
-0.342
-0.343
-0.3439
-0.3449
-0.3459
-0.347
-0.3481
-0.3492
-0.3502
-0.3513
-0.3524
-0.3534
-0.3544
-0.3554
-0.3564
-0.3574
-0.3583
-0.3592
-0.3601
-0.3611
-0.362
-0.3629
-0.3639
-0.3649
-0.3659
-0.3669
-0.368
-0.369
-0.3701
-0.3711
-0.3722
-0.3732
-0.3742
-0.3752
-0.3761
-0.3771
-0.378
-0.3789
-0.3798
-0.3808
-0.3818
-0.3828
-0.3839
-0.3849
-0.386
-0.3871
-0.3882
-0.3893
-0.3903
-0.3913
-0.3923
-0.3933
-0.3943
-0.3952
-0.3961
-0.3971
-0.398
-0.399
-0.4001
-0.4011
-0.4022
-0.4033
-0.4043
-0.4053
-0.4063
-0.4074
-0.4083
-0.4093
-0.4103
-0.4112
-0.4122
-0.4132
-0.4142
-0.4152
-0.4162
-0.4173
-0.4183
-0.4193
-0.4203
-0.4213
-0.4223
-0.4232
-0.4242
-0.4251
-0.4261
-0.4271
-0.4281
-0.4292
-0.4302
-0.4313
-0.4323
-0.4332
-0.4342
-0.4351
-0.4361
-0.437
-0.438
-0.439
-0.4401
-0.4411
-0.4421
-0.4431
-0.4441
-0.4451
-0.4461
-0.4471
-0.448
-0.449
-0.45
-0.4509
-0.4519
-0.453
-0.4541
-0.4552
-0.4563
-0.4574
-0.4585
-0.4595
-0.4605
-0.4615
-0.4624
-0.4633
-0.4642
-0.4651
-0.4661
-0.4671
-0.4681
-0.4692
-0.4703
-0.4714
-0.4724
-0.4735
-0.4745
-0.4754
-0.4764
-0.4772
-0.4782
-0.4791
-0.48
-0.481
-0.482
-0.4831
-0.4842
-0.4853
-0.4863
-0.4874
-0.4884
-0.4894
-0.4903
-0.4912
-0.4921
-0.4931
-0.494
-0.495
-0.496
-0.4971
-0.4983
-0.4994
-0.5004
-0.5015
-0.5025
-0.5034
-0.5043
-0.5052
-0.5061
-0.507
-0.508
-0.5089
-0.5099
-0.511
-0.5121
-0.5132
-0.5142
-0.5153
-0.5163
-0.5173
-0.5183
-0.5192
-0.5201
-0.5211
-0.5221
-0.5231
-0.5241
-0.5252
-0.5262
-0.5273
-0.5284
-0.5294
-0.5304
-0.5314
-0.5323
-0.5332
-0.5341
-0.5351
-0.5361
-0.5371
-0.5381
-0.5391
-0.5402
-0.5413
-0.5423
-0.5433
-0.5443
-0.5452
-0.5462
-0.5471
-0.548
-0.549
-0.55
-0.5511
-0.5521
-0.5531
-0.5542
-0.5552
-0.5562
-0.5571
-0.5581
-0.5591
-0.5601
-0.5611
-0.5622
-0.5632
-0.5642
-0.5652
-0.5662
-0.5672
-0.5681
-0.569
-0.5699
-0.5708
-0.5717
-0.5727
-0.5736
-0.5746
-0.5756
-0.5765
-0.5775
-0.5784
-0.5793
-0.5801
-0.5809
-0.5817
-0.5825
-0.5832
-0.584
-0.5848
-0.5856
-0.5863
-0.5871
-0.5877
-0.5884
-0.589
-0.5896
-0.5901
-0.5906
-0.5912
-0.5917
-0.5923
-0.5928
-0.5934
-0.5939
-0.5944
-0.5948
-0.5952
-0.5956
-0.596
-0.5963
-0.5966
-0.5969
-0.5971
-0.5974
-0.5976
-0.5978
-0.598
-0.5982
-0.5985
-0.5987
-0.5989
-0.5991
-0.5993
-0.5995
-0.5996
-0.5997
-0.5997
-0.5998
-0.5998
-0.5998
-0.5999
-0.5999
-0.5999
-0.5999
-0.6
-0.6
-0.6
-0.6
-0.6
-0.6
-0.6001
-0.6001
-0.6001
-0.6001
-0.6001
-0.6001
-0.6001
-0.6001
-0.6001
-0.6001
-0.6001
-0.6001
-0.6001