-0.6
-0.6
-0.6
-0.6
-0.6
-0.6
-0.6
-0.6
-0.6
-0.6
-0.6
-0.6
-0.6
-0.6
-0.6
-0.6
-0.6
-0.6
-0.6
-0.6
-0.6
-0.6
-0.6
-0.6
-0.6
-0.6
-0.6
-0.5999
-0.5999
-0.5999
-0.5999
-0.5999
-0.5999
-0.5998
-0.5998
-0.5997
-0.5997
-0.5996
-0.5994
-0.5992
-0.5989
-0.5984
-0.5979
-0.5973
-0.5967
-0.5961
-0.5955
-0.595
-0.5946
-0.5942
-0.5939
-0.5935
-0.5931
-0.5927
-0.5922
-0.5916
-0.5909
-0.5901
-0.5893
-0.5884
-0.5875
-0.5866
-0.5858
-0.585
-0.5843
-0.5836
-0.5829
-0.5823
-0.5815
-0.5808
-0.5799
-0.579
-0.5781
-0.5771
-0.576
-0.575
-0.574
-0.573
-0.572
-0.5711
-0.5702
-0.5694
-0.5685
-0.5677
-0.5668
-0.5658
-0.5648
-0.5637
-0.5626
-0.5614
-0.5603
-0.5592
-0.5581
-0.5571
-0.5561
-0.5552
-0.5543
-0.5535
-0.5526
-0.5516
-0.5507
-0.5496
-0.5485
-0.5474
-0.5463
-0.5452
-0.5441
-0.543
-0.542
-0.541
-0.5401
-0.5392
-0.5384
-0.5375
-0.5366
-0.5356
-0.5346
-0.5335
-0.5324
-0.5313
-0.5301
-0.5289
-0.5278
-0.5268
-0.5258
-0.5249
-0.524
-0.5231
-0.5222
-0.5213
-0.5204
-0.5195
-0.5184
-0.5174
-0.5163
-0.5152
-0.514
-0.5129
-0.5119
-0.5108
-0.5099
-0.5089
-0.508
-0.5071
-0.5062
-0.5053
-0.5043
-0.5033
-0.5022
-0.5011
-0.5
-0.4989
-0.4979
-0.4968
-0.4958
-0.4949
-0.494
-0.4931
-0.4922
-0.4913
-0.4904
-0.4894
-0.4884
-0.4873
-0.4862
-0.4851
-0.4841
-0.483
-0.482
-0.481
-0.48
-0.4791
-0.4781
-0.4772
-0.4762
-0.4752
-0.4742
-0.4731
-0.4721
-0.4711
-0.47
-0.469
-0.468
-0.467
-0.466
-0.465
-0.4641
-0.4631
-0.4622
-0.4612
-0.4602
-0.4592
-0.4582
-0.4571
-0.4561
-0.455
-0.454
-0.453
-0.452
-0.451
-0.45
-0.4491
-0.4481
-0.4472
-0.4463
-0.4453
-0.4443
-0.4433
-0.4423
-0.4412
-0.4401
-0.439
-0.4379
-0.4368
-0.4358
-0.4348
-0.4338
-0.4329
-0.432
-0.4311
-0.4302
-0.4293
-0.4283
-0.4273
-0.4263
-0.4253
-0.4242
-0.4232
-0.4221
-0.421
-0.4199
-0.4189
-0.4178
-0.4168
-0.4158
-0.4148
-0.4139
-0.4129
-0.412
-0.4111
-0.4101
-0.4092
-0.4082
-0.4072
-0.4062
-0.4051
-0.4041
-0.403
-0.4019
-0.4009
-0.3999
-0.3989
-0.3979
-0.397
-0.396
-0.3951
-0.3942
-0.3932
-0.3922
-0.3912
-0.3901
-0.389
-0.3879
-0.3869
-0.3858
-0.3848
-0.3838
-0.3828
-0.3819
-0.381
-0.38
-0.3791
-0.3781
-0.3772
-0.3762
-0.3751
-0.3741
-0.3731
-0.3721
-0.371
-0.37
-0.369
-0.368
-0.367
-0.366
-0.365
-0.364
-0.363
-0.362
-0.361
-0.36
-0.3589
-0.3579
-0.3569
-0.356
-0.355
-0.3541
-0.3531
-0.3521
-0.3512
-0.3502
-0.3491
-0.3481
-0.347
-0.346
-0.3449
-0.3439
-0.3429
-0.3419
-0.341
-0.34
-0.3391
-0.3382
-0.3372
-0.3362
-0.3352
-0.3341
-0.333
-0.3319
-0.3308
-0.3298
-0.3287
-0.3277
-0.3267
-0.3258
-0.3249
-0.324
-0.3231
-0.3221
-0.3212
-0.3202
-0.3192
-0.3182
-0.3172
-0.3161
-0.315
-0.314
-0.3129
-0.3119
-0.3109
-0.3099
-0.309
-0.308
-0.307
-0.3061
-0.3051
-0.304
-0.303
-0.3019
-0.3009
-0.2998
-0.2988
-0.2978
-0.2968
-0.2959
-0.2949
-0.294
-0.293
-0.2921
-0.2911
-0.2901
-0.2891
-0.2881
-0.287
-0.286
-0.285
-0.2839
-0.2829
-0.2819
-0.2809
-0.28
-0.279
-0.278
-0.2771
-0.2761
-0.2751
-0.2741
-0.273
-0.272
-0.2709
-0.2699
-0.2689
-0.2678
-0.2668
-0.2659
-0.265
-0.264
-0.2631
-0.2621
-0.2612
-0.2602
-0.2592
-0.2582
-0.2571
-0.256
-0.255
-0.2539
-0.2529
-0.2519
-0.2509
-0.2499
-0.2489
-0.2479
-0.2469
-0.2459
-0.2449
-0.2439
-0.2429
-0.2419
-0.2409
-0.2399
-0.239
-0.238
-0.237
-0.236
-0.235
-0.234
-0.233
-0.232
-0.231
-0.23
-0.229
-0.228
-0.227
-0.226
-0.225
-0.224
-0.2231
-0.2221
-0.2211
-0.2201
-0.2191
-0.2181
-0.2171
-0.2161
-0.215
-0.214
-0.2129
-0.2119
-0.2109
-0.21
-0.209
-0.2081
-0.2071
-0.2061
-0.2051
-0.2041
-0.2031
-0.202
-0.201
-0.2
-0.1991
-0.1981
-0.1971
-0.1962
-0.1952
-0.1942
-0.1932
-0.1922
-0.1911
-0.19
-0.1889
-0.1879
-0.1868
-0.1858
-0.1849
-0.1839
-0.183
-0.1821
-0.1811
-0.1802
-0.1792
-0.1782
-0.1771
-0.1761
-0.175
-0.1739
-0.1729
-0.1719
-0.1709
-0.17
-0.169
-0.1681
-0.1671
-0.1662
-0.1652
-0.1642
-0.1631
-0.162
-0.161
-0.1599
-0.1589
-0.1579
-0.1569
-0.1559
-0.1549
-0.154
-0.1531
-0.1521
-0.1512
-0.1502
-0.1492
-0.1481
-0.1471
-0.146
-0.145
-0.1439
-0.1429
-0.1419
-0.141
-0.14
-0.1391
-0.1382
-0.1372
-0.1363
-0.1353
-0.1343
-0.1332
-0.1322
-0.1311
-0.13
-0.129
-0.1279
-0.1269
-0.1259
-0.1249
-0.124
-0.123
-0.1221
-0.1211
-0.1201
-0.1191
-0.1181
-0.117
-0.116
-0.1149
-0.1139
-0.1129
-0.1119
-0.1109
-0.11
-0.109
-0.108
-0.107
-0.1061
-0.1051
-0.1041
-0.1031
-0.1021
-0.1011
-0.1
-0.099
-0.098
-0.0971
-0.0961
-0.0951
-0.0941
-0.0931
-0.0921
-0.0912
-0.0902
-0.0892
-0.0882
-0.0871
-0.0861
-0.0851
-0.084
-0.083
-0.082
-0.081
-0.08
-0.079
-0.078
-0.0771
-0.0761
-0.0751
-0.0741
-0.0731
-0.0721
-0.0711
-0.0701
-0.069
-0.068
-0.067
-0.066
-0.065
-0.064
-0.063
-0.062
-0.061
-0.0601
-0.0591
-0.0582
-0.0572
-0.0562
-0.0553
-0.0543
-0.0532
-0.0522
-0.0511
-0.0501
-0.049
-0.048
-0.047
-0.046
-0.0451
-0.0441
-0.0432
-0.0423
-0.0413
-0.0403
-0.0394
-0.0383
-0.0373
-0.0362
-0.0351
-0.034
-0.033
-0.032
-0.031
-0.03
-0.029
-0.0281
-0.0272
-0.0262
-0.0253
-0.0243
-0.0233
-0.0222
-0.0211
-0.02
-0.0189
-0.0178
-0.0168
-0.0158
-0.0148
-0.0139
-0.013
-0.0121
-0.0112
-0.0102
-0.0093
-0.0083
-0.0073
-0.0062
-0.0051
-0.004
-0.003
-0.002
-0.001
0.0
0.001
0.002
0.0029
0.0039
0.0048
0.0058
0.0068
0.0079
0.0089
0.0099
0.011
0.012
0.013
0.014
0.015
0.016
0.017
0.0179
0.0189
0.0199
0.0208
0.0218
0.0228
0.0238
0.0249
0.0259
0.027
0.028
0.029
0.0301
0.0311
0.0321
0.0331
0.0341
0.035
0.036
0.0369
0.0378
0.0388
0.0398
0.0408
0.0418
0.0429
0.0439
0.045
0.046
0.047
0.048
0.049
0.0499
0.0509
0.0518
0.0528
0.0537
0.0547
0.0557
0.0568
0.0579
0.059
0.0601
0.0611
0.0622
0.0632
0.0642
0.0652
0.0661
0.067
0.0679
0.0688
0.0698
0.0708
0.0718
0.0728
0.0739
0.0749
0.076
0.0771
0.0781
0.0791
0.0801
0.0811
0.082
0.083
0.084
0.0849
0.0859
0.0869
0.0879
0.089
0.09
0.091
0.0921
0.0931
0.0941
0.095
0.096
0.0969
0.0978
0.0988
0.0998
0.1008
0.1018
0.1028
0.1038
0.1048
0.1059
0.1069
0.1079
0.1089
0.1098
0.1108
0.1117
0.1127
0.1137
0.1148
0.1159
0.117
0.1181
0.1192
0.1203
0.1213
0.1223
0.1233
0.1242
0.1251
0.126
0.1269
0.1278
0.1288
0.1298
0.1308
0.1318
0.1328
0.1338
0.1348
0.1359
0.1369
0.1379
0.1389
0.1399
0.1409
0.1419
0.143
0.144
0.145
0.146
0.147
0.1479
0.1489
0.1499
0.151
0.152
0.153
0.154
0.155
0.156
0.157
0.158
0.159
0.1599
0.1609
0.1619
0.1629
0.1639
0.1649
0.166
0.167
0.168
0.169
0.17
0.171
0.1719
0.1729
0.1739
0.1749
0.1759
0.1769
0.1779
0.1789
0.18
0.181
0.182
0.1829
0.1839
0.1848
0.1858
0.1867
0.1877
0.1887
0.1897
0.1907
0.1918
0.1929
0.1939
0.195
0.1961
0.1971
0.1982
0.1991
0.2001
0.201
0.202
0.2029
0.2039
0.2049
0.2058
0.2069
0.2079
0.2089
0.21
0.211
0.2121
0.2131
0.2141
0.2151
0.216
0.217
0.2179
0.2189
0.2199
0.2208
0.2218
0.2228
0.2239
0.2249
0.226
0.227
0.2281
0.2291
0.23
0.231
0.2319
0.2329
0.2338
0.2348
0.2358
0.2367
0.2378
0.2388
0.2399
0.2409
0.242
0.243
0.244
0.245
0.2459
0.2469
0.2479
0.2489
0.2499
0.2509
0.2519
0.2529
0.2539
0.255
0.256
0.257
0.2581
0.2591
0.26
0.261
0.262
0.2629
0.2639
0.2649
0.2659
0.2669
0.2679
0.2689
0.2699
0.2709
0.2719
0.273
0.274
0.2749
0.2759
0.2768
0.2778
0.2787
0.2797
0.2807
0.2817
0.2828
0.2839
0.2849
0.286
0.2871
0.2881
0.2892
0.2902
0.2911
0.2921
0.293
0.294
0.2949
0.2959
0.2969
0.2979
0.2989
0.2999
0.301
0.302
0.303
0.304
0.305
0.306
0.3071
0.3081
0.309
0.31
0.311
0.312
0.3129
0.3139
0.3149
0.3159
0.3169
0.3179
0.3189
0.3199
0.3208
0.3218
0.3228
0.3238
0.3248
0.3258
0.3268
0.3279
0.3289
0.3299
0.3309
0.3319
0.3329
0.3339
0.3349
0.3358
0.3368
0.3379
0.3389
0.3399
0.3409
0.3419
0.343
0.344
0.345
0.3459
0.3469
0.3479
0.3488
0.3498
0.3508
0.3518
0.3528
0.3539
0.3549
0.3558
0.3568
0.3578
0.3588
0.3598
0.3608
0.3619
0.3629
0.364
0.365
0.366
0.367
0.3681
0.3691
0.37
0.371
0.372
0.3729
0.3739
0.3749
0.3758
0.3768
0.3778
0.3788
0.3799
0.3809
0.382
0.383
0.384
0.385
0.3859
0.3869
0.3878
0.3887
0.3897
0.3906
0.3916
0.3927
0.3938
0.3949
0.3959
0.397
0.3981
0.3991
0.4001
0.401
0.4019
0.4028
0.4037
0.4046
0.4055
0.4064
0.4073
0.4083
0.4092
0.4101
0.4111
0.412
0.4129
0.4137
0.4146
0.4153
0.4161
0.4169
0.4176
0.4183
0.419
0.4198
0.4205
0.4212
0.4219
0.4226
0.4233
0.4239
0.4245
0.425
0.4256
0.426
0.4265
0.4269
0.4273
0.4277
0.4281
0.4285
0.4289
0.4293
0.4297
0.4301
0.4304
0.4307
0.431
0.4313
0.4315
0.4317
0.4318
0.432
0.4321
0.4323
0.4324
0.4326
0.4327
0.4328
0.433
0.4331
0.4332
0.4332
0.4333
0.4333
0.4334
0.4334
0.4334
0.4334
0.4335
0.4335
0.4335
0.4335
0.4335
0.4335
0.4335
0.4336
0.4336
0.4336
0.4336
0.4336
0.4336
0.4336
0.4336
0.4336
0.4336
0.4336
0.4336
0.4336
0.4336
0.4336
0.4336
0.4336
0.4336
0.4336
0.4336
0.4336
0.4336
0.4336
0.4336
0.4336
0.4336
0.4336
0.4336
0.4336
0.4336
0.4336
0.4336
0.4336
0.4336
0.4336
0.4336
0.4336
0.4336
0.4336
0.4336
0.4336
0.4336
0.4336
0.4336
0.4336
0.4336
0.4336
0.4336
0.4336
0.4336
0.4336
0.4336
0.4336
0.4336
0.4336
0.4336
0.4336
0.4336
0.4336
0.4336
0.4336
0.4336
0.4336
0.4336
0.4336
0.4336
0.4336
0.4336
0.4336
0.4336
0.4336
0.4336
0.4336
0.4336
0.4336
0.4336
0.4336
0.4336
0.4336
0.4336
0.4336
0.4336
0.4336
0.4336
0.4336
0.4336
0.4336
0.4336
0.4336
0.4336
0.4336
0.4336
0.4336
0.4336
0.4336
0.4336
0.4336
0.4336
0.4336
0.4336
0.4336
0.4336
0.4336
0.4336
0.4336
0.4336
0.4336
0.4336
0.4336
0.4336
0.4336
0.4336
0.4336
0.4336
0.4336
0.4336
0.4336
0.4336
0.4336
0.4336
0.4336
0.4336
0.4336
0.4336
0.4336
0.4336
0.4336
0.4336
0.4336
0.4336
0.4336
0.4336
0.4336
0.4336
0.4336
0.4336
0.4336
0.4336
0.4336
0.4336
0.4336
0.4336
0.4336
0.4336
0.4336
0.4336
0.4336
0.4336
0.4336
0.4336
0.4336
0.4336
0.4336
0.4336
0.4336
0.4336
0.4336
0.4336
0.4336
0.4336
0.4336
0.4336
0.4336
0.4336
0.4336
0.4336
0.4336
0.4336
0.4336
0.4336
0.4336
0.4336
0.4336
0.4336
0.4336
0.4336
0.4336
0.4336
0.4336
0.4336
0.4336
0.4336
0.4336
0.4336
0.4336
0.4336
0.4336
0.4336
0.4336
0.4336
0.4336
0.4336
0.4336
0.4336
0.4336
0.4336
0.4336
0.4336
0.4336
0.4336
0.4336
0.4336
0.4336
0.4336
0.4336
0.4336
0.4336
0.4336
0.4336
0.4336
0.4336
0.4336
0.4336
0.4336
0.4336
0.4336
0.4336
0.4336
0.4336
0.4336
0.4336
0.4336
0.4336
0.4336
0.4336
0.4336
0.4336
0.4336
0.4336
0.4336
0.4336
0.4336
0.4336
0.4336
0.4336
0.4336
0.4336
0.4336
0.4336
0.4336
0.4336
0.4336
0.4336
0.4336
0.4336
0.4336
0.4336
0.4336
0.4336
0.4336
0.4336
0.4336
0.4336
0.4336
0.4336
0.4336
0.4336
0.4336
0.4336
0.4336
0.4336
0.4336
0.4336
0.4336
0.4336
0.4336
0.4336
0.4336
0.4336
0.4336
0.4336
0.4336
0.4336
0.4336
0.4336
0.4336
0.4336
0.4336
0.4336
0.4336
0.4336
0.4336
0.4336
0.4336
0.4336
0.4336
0.4336
0.4336
0.4336
0.4336
0.4336
0.4336
0.4336
0.4336
0.4336
0.4336
0.4336
0.4336
0.4336
0.4336
0.4336
0.4336
0.4336
0.4336
0.4336
0.4336
0.4336
0.4336
0.4336
0.4336
0.4336
0.4336
0.4336
0.4336
0.4336
0.4336
0.4336
0.4336
0.4336
0.4336
0.4336
0.4336
0.4336
0.4336
0.4336
0.4336
0.4336
0.4336
0.4336
0.4336
0.4336
0.4336
0.4336
0.4336
0.4336
0.4336
0.4336
0.4336
0.4336
0.4336
0.4336
0.4336
0.4336
0.4336
0.4336
0.4336
0.4336
0.4336
0.4336
0.4336
0.4336
0.4336
0.4336
0.4336
0.4336
0.4336
0.4336
0.4336
0.4336
0.4336
0.4336
0.4336
0.4336
0.4336
0.4336
0.4336
0.4336
0.4336
0.4336
0.4336
0.4336
0.4336
0.4336
0.4336
0.4336
0.4336
0.4336
0.4336
0.4336
0.4336
0.4336
0.4336
0.4336
0.4336
0.4336
0.4336
0.4336
0.4336
0.4336
0.4336
0.4336
0.4336
0.4336
0.4336
0.4336
0.4336
0.4336
0.4336
0.4336
0.4336
0.4336
0.4336
0.4336
0.4336
0.4336
0.4336
0.4336
0.4336
0.4336
0.4336
0.4336
0.4336
0.4336
0.4336
0.4336
0.4336
0.4336
0.4336
0.4336
0.4336
0.4336
0.4336
0.4336
0.4336
0.4336
0.4336
0.4336
0.4336
0.4336
0.4336
0.4336
0.4336
0.4336
0.4336
0.4336
0.4336
0.4336
0.4336
0.4336
0.4336
0.4336
0.4336
0.4336
0.4336
0.4336
0.4336
0.4336
0.4336
0.4336
0.4336
0.4336
0.4336
0.4336
0.4336
0.4336
0.4336
0.4336
0.4336
0.4336
0.4336
0.4336
0.4336
0.4336
0.4336
0.4336
0.4336
0.4336
0.4336
0.4336
0.4336
0.4336
0.4336
0.4336
0.4336
0.4336
0.4336
0.4336
0.4336
0.4336
0.4336
0.4336
0.4336
0.4336
0.4336
0.4336
0.4336
0.4336
0.4336
0.4336
0.4336
0.4336
0.4336
0.4336
0.4336
0.4336
0.4336
0.4336
0.4336
0.4336
0.4336
0.4336
0.4336
0.4336
0.4336
0.4336
0.4336
0.4336
0.4336
0.4336
0.4336
0.4336
0.4336
0.4336
0.4336
0.4336
0.4336
0.4336
0.4336
0.4336
0.4336
0.4336
0.4336
0.4336
0.4336
0.4336
0.4336
0.4336
0.4336
0.4336
0.4336
0.4336
0.4336
0.4336
0.4336
0.4336
0.4336
0.4336
0.4336
0.4336
0.4336
0.4336
0.4336
0.4336
0.4336
0.4336
0.4336
0.4336
0.4336
0.4336
0.4336
0.4336
0.4336
0.4336
0.4336
0.4336
0.4336
0.4336
0.4336
0.4336
0.4336
0.4336
0.4336
0.4336
0.4336
0.4336
0.4336
0.4336
0.4336
0.4336
0.4336
0.4336
0.4336
0.4336
0.4336
0.4336
0.4336
0.4336
0.4336
0.4336
0.4336
0.4336
0.4336
0.4336
0.4336
0.4336
0.4336
0.4336
0.4336
0.4336
0.4336
0.4336
0.4336
0.4336
0.4336
0.4336
0.4336
0.4336
0.4336
0.4336
0.4336
0.4336
0.4336
0.4336
0.4336
0.4336
0.4336
0.4336
0.4336
0.4336
0.4336
0.4336
0.4336
0.4336
0.4336
0.4336
0.4336
0.4336
0.4336
0.4336
0.4336
0.4336
0.4336
0.4336
0.4336
0.4336
0.4336
0.4336
0.4336
0.4336
0.4336
0.4336
0.4336
0.4336
0.4336
0.4336
0.4336
0.4336
0.4336
0.4336
0.4336
0.4336
0.4336
0.4336
0.4336
0.4336
0.4336
0.4336
0.4336
0.4336
0.4336
0.4336
0.4336
0.4336
0.4336
0.4336
0.4336
0.4336
0.4336
0.4336
0.4336
0.4336
0.4336
0.4336
0.4336
0.4336
0.4336
0.4336
0.4336
0.4336
0.4336
0.4336
0.4336
0.4336
0.4336
0.4336
0.4336
0.4336
0.4336
0.4336
0.4336
0.4336
0.4336
0.4336
0.4336
0.4336
0.4336
0.4336
0.4336
0.4336
0.4336
0.4336
0.4336
0.4336
0.4336
0.4336
0.4336
0.4336
0.4336
0.4336
0.4336
0.4336
0.4336
0.4336
0.4336
0.4336
0.4336
0.4336
0.4336
0.4336
0.4336
0.4336
0.4336
0.4336
0.4336
0.4336
0.4335
0.4335
0.4335
0.4335
0.4335
0.4335
0.4335
0.4335
0.4335
0.4335
0.4335
0.4335
0.4335
0.4335
0.4335
0.4335
0.4335
0.4335
0.4335
0.4335
0.4335
0.4335
0.4335
0.4335
0.4335
0.4335
0.4335
0.4335
0.4335
0.4335
0.4335
0.4335
0.4335
0.4335
0.4335
0.4335
0.4335
0.4335
0.4335
0.4335
0.4335
0.4335
0.4335
0.4335
0.4335
0.4335
0.4335
0.4335
0.4335
0.4335
0.4335
0.4335
0.4335
0.4335
0.4335
0.4335
0.4335
0.4335
0.4335
0.4335
0.4335
0.4335
0.4335
0.4335
0.4335
0.4335
0.4335
0.4335
0.4335
0.4335
0.4335
0.4335
0.4335
0.4335
0.4335
0.4335
0.4335
0.4335
0.4335
0.4335
0.4335
0.4335
0.4335
0.4335
0.4335
0.4335
0.4335
0.4335
0.4335
0.4335
0.4335
0.4335
0.4335
0.4335
0.4335
0.4335
0.4335
0.4335
0.4335
0.4335
0.4335
0.4335
0.4335
0.4335
0.4335
0.4335
0.4335
0.4335
0.4335
0.4335
0.4335
0.4335
0.4335
0.4335
0.4335
0.4335
0.4335
0.4335
0.4335
0.4335
0.4335
0.4335
0.4335
0.4335
0.4335
0.4335
0.4335
0.4335
0.4335
0.4335
0.4335
0.4335
0.4335
0.4335
0.4335
0.4335
0.4335
0.4335
0.4335
0.4335
0.4335
0.4335
0.4335
0.4335
0.4335
0.4335
0.4335
0.4335
0.4335
0.4335
0.4335
0.4335
0.4335
0.4335
0.4335
0.4335
0.4335
0.4335
0.4335
0.4335
0.4335
0.4335
0.4335
0.4335
0.4335
0.4335
0.4335
0.4335
0.4335
0.4335
0.4335
0.4335
0.4335
0.4335
0.4335
0.4335
0.4335
0.4335
0.4335
0.4335
0.4335
0.4335
0.4335
0.4335
0.4335
0.4335
0.4335
0.4335
0.4335
0.4335
0.4335
0.4335
0.4335
0.4335
0.4335
0.4335
0.4335
0.4335
0.4335
0.4335
0.4335
0.4335
0.4335
0.4335
0.4335
0.4335
0.4335
0.4335
0.4335
0.4335
0.4335
0.4335
0.4335
0.4335
0.4335
0.4335
0.4335
0.4335
0.4335
0.4335
0.4335
0.4335
0.4335
0.4335
0.4335
0.4335
0.4335
0.4335
0.4335
0.4335
0.4335
0.4335
0.4335
0.4335
0.4335
0.4335
0.4335
0.4335
0.4335
0.4335
0.4335
0.4335
0.4335
0.4335
0.4335
0.4335
0.4335
0.4335
0.4335
0.4335
0.4335
0.4335
0.4335
0.4335
0.4335
0.4335
0.4335
0.4335
0.4335
0.4335
0.4335
0.4335
0.4335
0.4335
0.4335
0.4335
0.4335
0.4335
0.4335
0.4335
0.4335
0.4335
0.4335
0.4335
0.4335
0.4335
0.4335
0.4335
0.4335
0.4335
0.4335
0.4335
0.4335
0.4335
0.4335
0.4335
0.4335
0.4335
0.4335
0.4335
0.4335
0.4335
0.4335
0.4335
0.4335
0.4335
0.4335
0.4335
0.4335
0.4335
0.4335
0.4335
0.4335
0.4335
0.4335
0.4335
0.4335
0.4335
0.4335
0.4335
0.4335
0.4335
0.4335
0.4335
0.4335
0.4335
0.4335
0.4335
0.4335
0.4335
0.4335
0.4335
0.4335
0.4335
0.4335
0.4335
0.4335
0.4335
0.4335
0.4335
0.4335
0.4335
0.4335
0.4335
0.4335
0.4335
0.4335
0.4335
0.4335
0.4335
0.4335
0.4335
0.4335
0.4335
0.4335
0.4335
0.4335
0.4335
0.4335
0.4335
0.4335
0.4335
0.4335
0.4335
0.4335
0.4335
0.4335
0.4335
0.4335
0.4335
0.4335
0.4335
0.4335
0.4335
0.4335
0.4335
0.4335
0.4335
0.4335
0.4335
0.4335
0.4335
0.4335
0.4335
0.4335
0.4335
0.4335
0.4335
0.4335
0.4335
0.4335
0.4335
0.4335
0.4335
0.4335
0.4335
0.4335
0.4335
0.4335
0.4335
0.4335
0.4335
0.4335
0.4335
0.4335
0.4335
0.4335
0.4335
0.4335
0.4335
0.4335
0.4335
0.4335
0.4335
0.4335
0.4335
0.4335
0.4335
0.4335
0.4335
0.4335
0.4335
0.4335
0.4335
0.4335
0.4335
0.4335
0.4335
0.4335
0.4335
0.4335
0.4335
0.4335
0.4335
0.4335
0.4335
0.4335
0.4335
0.4335
0.4335
0.4335
0.4335
0.4335
0.4335
0.4335
0.4335
0.4335
0.4335
0.4335
0.4335
0.4335
0.4335
0.4335
0.4335
0.4335
0.4335
0.4335
0.4335
0.4335
0.4335
0.4335
0.4335
0.4335
0.4335
0.4335
0.4335
0.4335
0.4335
0.4335
0.4335
0.4335
0.4335
0.4335
0.4335
0.4335
0.4335
0.4335
0.4335
0.4335
0.4335
0.4335
0.4335
0.4335
0.4335
0.4335
0.4335
0.4335
0.4335
0.4335
0.4335
0.4335
0.4335
0.4335
0.4335
0.4335
0.4335
0.4335
0.4335
0.4335
0.4335
0.4335
0.4335
0.4335
0.4335
0.4335
0.4335
0.4335
0.4335
0.4335
0.4335
0.4335
0.4335
0.4335
0.4335
0.4335
0.4335
0.4335
0.4335
0.4335
0.4335
0.4335
0.4335
0.4335
0.4335
0.4335
0.4335
0.4335
0.4335
0.4335
0.4335
0.4335
0.4335
0.4335
0.4335
0.4335
0.4335
0.4335
0.4335
0.4335
0.4335
0.4335
0.4335
0.4335
0.4335
0.4335
0.4335
0.4335
0.4335
0.4335
0.4335
0.4335
0.4335
0.4335
0.4335
0.4335
0.4335
0.4335
0.4335
0.4335
0.4335
0.4335
0.4335
0.4335
0.4335
0.4335
0.4335
0.4335
0.4335
0.4335
0.4335
0.4335
0.4335
0.4335
0.4335
0.4335
0.4335
0.4335
0.4335
0.4335
0.4335
0.4335
0.4335
0.4335
0.4335
0.4335
0.4335
0.4335
0.4335
0.4335
0.4335
0.4335
0.4335
0.4335
0.4335
0.4335
0.4335
0.4335
0.4335
0.4335
0.4335
0.4335
0.4335
0.4335
0.4335
0.4335
0.4335
0.4335
0.4335
0.4335
0.4335
0.4335
0.4335
0.4335
0.4335
0.4335
0.4335
0.4335
0.4335
0.4335
0.4335
0.4335
0.4335
0.4335
0.4335
0.4335
0.4335
0.4335
0.4335
0.4335
0.4335
0.4335
0.4335
0.4335
0.4335
0.4335
0.4335
0.4335
0.4335
0.4335
0.4335
0.4335
0.4335
0.4335
0.4335
0.4335
0.4335
0.4335
0.4335
0.4335
0.4335
0.4335
0.4335
0.4335
0.4335
0.4335
0.4335
0.4335
0.4335
0.4335
0.4335
0.4335
0.4335
0.4335
0.4335
0.4335
0.4335
0.4335
0.4335
0.4335
0.4335
0.4335
0.4335
0.4335
0.4335
0.4335
0.4335
0.4335
0.4335
0.4335
0.4335
0.4335
0.4335
0.4335
0.4335
0.4335
0.4335
0.4335
0.4335
0.4335
0.4335
0.4335
0.4335
0.4335
0.4335
0.4335
0.4335
0.4335
0.4335
0.4335
0.4335
0.4335
0.4335
0.4335
0.4335
0.4335
0.4335
0.4335
0.4335
0.4335
0.4335
0.4335
0.4335
0.4335
0.4335
0.4335
0.4335
0.4335
0.4335
0.4335
0.4335
0.4335
0.4335
0.4335
0.4335
0.4335
0.4335
0.4335
0.4335
0.4335
0.4335
0.4335
0.4335
0.4335
0.4335
0.4335
0.4335
0.4335
0.4335
0.4335
0.4335
0.4335
0.4335
0.4335
0.4335
0.4335
0.4335
0.4335
0.4335
0.4335
0.4335
0.4335
0.4335
0.4335
0.4335
0.4335
0.4335
0.4335
0.4335
0.4335
0.4335
0.4335
0.4335
0.4335
0.4335
0.4335
0.4335
0.4335
0.4335
0.4335
0.4335
0.4335
0.4335
0.4335
0.4335
0.4335
0.4335
0.4335
0.4335
0.4335
0.4335
0.4335
0.4335
0.4335
0.4335
0.4335
0.4335
0.4335
0.4335
0.4335
0.4335
0.4335
0.4335
0.4335
0.4335
0.4335
0.4335
0.4335
0.4335
0.4335
0.4335
0.4335
0.4335
0.4335
0.4335
0.4335
0.4335
0.4335
0.4335
0.4335
0.4335
0.4335
0.4335
0.4335
0.4335
0.4335
0.4335
0.4335
0.4335
0.4335
0.4335
0.4335
0.4335
0.4335
0.4335
0.4335
0.4335
0.4335
0.4335
0.4335
0.4335
0.4335
0.4335
0.4335
0.4335
0.4335
0.4335
0.4335
0.4335
0.4335
0.4335
0.4335
0.4335
0.4335
0.4335
0.4335
0.4335
0.4335
0.4335
0.4335
0.4335
0.4335
0.4335
0.4335
0.4335
0.4335
0.4335
0.4335
0.4335
0.4335
0.4335
0.4335
0.4335
0.4335
0.4335
0.4335
0.4335
0.4335
0.4335
0.4335
0.4335
0.4335
0.4335
0.4335
0.4335
0.4335
0.4335
0.4335
0.4335
0.4335
0.4335
0.4335
0.4335
0.4335
0.4335
0.4335
0.4335
0.4335
0.4335
0.4335
0.4335
0.4335
0.4335
0.4335
0.4335
0.4335
0.4335
0.4335
0.4335
0.4335
0.4335
0.4335
0.4335
0.4335
0.4335
0.4335
0.4335
0.4335
0.4335
0.4335
0.4335
0.4335
0.4335
0.4335
0.4335
0.4335
0.4335
0.4335
0.4335
0.4335
0.4335
0.4335
0.4335
0.4335
0.4335
0.4335
0.4335
0.4335
0.4335
0.4335
0.4335
0.4335
0.4335
0.4335
0.4335
0.4335
0.4335
0.4335
0.4335
0.4335
0.4335
0.4335
0.4335
0.4335
0.4335
0.4335
0.4335
0.4335
0.4335
0.4335
0.4335
0.4335
0.4335
0.4335
0.4335
0.4335
0.4335
0.4335
0.4335
0.4335
0.4335
0.4335
0.4335
0.4335
0.4335
0.4335
0.4335
0.4335
0.4335
0.4335
0.4335
0.4335
0.4335
0.4335
0.4335
0.4335
0.4335
0.4335
0.4335
0.4335
0.4335
0.4335
0.4335
0.4335
0.4335
0.4335
0.4335
0.4335
0.4335
0.4335
0.4335
0.4335
0.4335
0.4335
0.4335
0.4335
0.4335
0.4335
0.4335
0.4335
0.4335
0.4335
0.4335
0.4335
0.4335
0.4335
0.4335
0.4335
0.4335
0.4335
0.4335
0.4335
0.4335
0.4335
0.4335
0.4335
0.4335
0.4335
0.4335
0.4335
0.4335
0.4335
0.4335
0.4335
0.4335
0.4335
0.4335
0.4335
0.4335
0.4335
0.4335
0.4335
0.4335
0.4335
0.4335
0.4335
0.4335
0.4335
0.4335
0.4335
0.4335
0.4335
0.4335
0.4335
0.4335
0.4335
0.4335
0.4335
0.4335
0.4335
0.4335
0.4335
0.4335
0.4335
0.4335
0.4335
0.4335
0.4335
0.4335
0.4335
0.4335
0.4335
0.4335
0.4335
0.4335
0.4335
0.4335
0.4335
0.4335
0.4335
0.4335
0.4335
0.4335
0.4335
0.4335
0.4335
0.4335
0.4335
0.4335
0.4335
0.4335
0.4335
0.4335
0.4335
0.4335
0.4335
0.4335
0.4335
0.4335
0.4335
0.4335
0.4335
0.4335
0.4335
0.4335
0.4335
0.4335
0.4335
0.4335
0.4335
0.4335
0.4335
0.4335
0.4335
0.4335
0.4335
0.4335
0.4335
0.4335
0.4335
0.4335
0.4335
0.4335
0.4335
0.4335
0.4335
0.4335
0.4335
0.4335
0.4335
0.4335
0.4335
0.4335
0.4335
0.4335
0.4335
0.4335
0.4335
0.4335
0.4335
0.4335
0.4335
0.4335
0.4335
0.4335
0.4335
0.4335
0.4335
0.4335
0.4335
0.4335
0.4335
0.4335
0.4335
0.4335
0.4335
0.4335
0.4335
0.4335
0.4335
0.4335
0.4335
0.4335
0.4335
0.4335
0.4335
0.4335
0.4335
0.4335
0.4335
0.4335
0.4335
0.4335
0.4335
0.4335
0.4335
0.4335
0.4335
0.4335
0.4335
0.4335
0.4335
0.4335
0.4335
0.4335
0.4335
0.4335
0.4335
0.4335
0.4335
0.4335
0.4335
0.4335
0.4335
0.4335
0.4335
0.4335
0.4335
0.4335
0.4335
0.4335
0.4335
0.4335
0.4335
0.4335
0.4335
0.4335
0.4335
0.4335
0.4335
0.4335
0.4335
0.4335
0.4335
0.4335
0.4335
0.4335
0.4335
0.4335
0.4335
0.4335
0.4335
0.4335
0.4335
0.4335
0.4335
0.4335
0.4335
0.4335
0.4335
0.4335
0.4335
0.4335
0.4335
0.4335
0.4335
0.4335
0.4335
0.4335
0.4335
0.4335
0.4335
0.4335
0.4335
0.4335
0.4335
0.4335
0.4335
0.4335
0.4335
0.4335
0.4335
0.4335
0.4335
0.4335
0.4335
0.4335
0.4335
0.4335
0.4335
0.4335
0.4335
0.4335
0.4335
0.4335
0.4335
0.4335
0.4335
0.4335
0.4335
0.4335
0.4335
0.4335
0.4335
0.4335
0.4335
0.4335
0.4335
0.4335
0.4335
0.4335
0.4335
0.4335
0.4335
0.4335
0.4335
0.4335
0.4335
0.4335
0.4335
0.4335
0.4335
0.4335
0.4335
0.4335
0.4335
0.4335
0.4335
0.4335
0.4335
0.4335
0.4335
0.4335
0.4335
0.4335
0.4335
0.4335
0.4335
0.4335
0.4335
0.4335
0.4335
0.4335
0.4335
0.4335
0.4335
0.4335
0.4335
0.4335
0.4335
0.4335
0.4335
0.4335
0.4335
0.4335
0.4335
0.4335
0.4335
0.4335
0.4335
0.4335
0.4335
0.4335
0.4335
0.4335
0.4335
0.4335
0.4335
0.4335
0.4335
0.4335
0.4335
0.4335
0.4335
0.4335
0.4335
0.4335
0.4335
0.4335
0.4335
0.4335
0.4335
0.4335
0.4335
0.4335
0.4335
0.4335
0.4335
0.4335
0.4335
0.4335
0.4335
0.4335
0.4335
0.4335
0.4335
0.4335
0.4335
0.4335
0.4335
0.4335
0.4335
0.4335
0.4335
0.4335
0.4335
0.4335
0.4335
0.4335
0.4335
0.4335
0.4335
0.4335
0.4335
0.4335
0.4335
0.4335
0.4335
0.4335
0.4335
0.4335
0.4335
0.4335
0.4335
0.4335
0.4335
0.4335
0.4335
0.4335
0.4335
0.4335
0.4335
0.4335
0.4335
0.4335
0.4335
0.4335
0.4335
0.4335
0.4335
0.4335
0.4335
0.4335
0.4335
0.4335
0.4335
0.4335
0.4335
0.4335
0.4335
0.4335
0.4335
0.4335
0.4335
0.4335
0.4335
0.4335
0.4335
0.4335
0.4335
0.4335
0.4335
0.4335
0.4335
0.4335
0.4335
0.4335
0.4335
0.4335
0.4335
0.4335
0.4335
0.4335
0.4335
0.4335
0.4335
0.4335
0.4335
0.4335
0.4335
0.4335
0.4335
0.4335
0.4335
0.4335
0.4335
0.4335
0.4335
0.4335
0.4335
0.4335
0.4335
0.4335
0.4335
0.4335
0.4335
0.4335
0.4335
0.4335
0.4335
0.4335
0.4335
0.4335
0.4335
0.4335
0.4335
0.4335
0.4335
0.4335
0.4335
0.4335
0.4335
0.4335
0.4335
0.4335
0.4335
0.4335
0.4335
0.4335
0.4335
0.4335
0.4335
0.4335
0.4335
0.4335
0.4335
0.4335
0.4335
0.4335
0.4335
0.4335
0.4335
0.4335
0.4335
0.4335
0.4335
0.4335
0.4335
0.4335
0.4335
0.4335
0.4335
0.4335
0.4335
0.4335
0.4335
0.4335
0.4335
0.4335
0.4335
0.4335
0.4335
0.4335
0.4335
0.4335
0.4335
0.4335
0.4335
0.4335
0.4335
0.4335
0.4335
0.4335
0.4335
0.4335
0.4335
0.4335
0.4335
0.4335
0.4335
0.4335
0.4335
0.4335
0.4335
0.4335
0.4335
0.4335
0.4335
0.4335
0.4335
0.4335
0.4335
0.4335
0.4335
0.4335
0.4335
0.4335
0.4335
0.4335
0.4335
0.4335
0.4335
0.4335
0.4335
0.4335
0.4335
0.4335
0.4335
0.4335
0.4335
0.4335
0.4335
0.4335
0.4335
0.4335
0.4335
0.4335
0.4335
0.4335
0.4335
0.4335
0.4335
0.4335
0.4335
0.4335
0.4335
0.4335
0.4335
0.4335
0.4335
0.4335
0.4335
0.4335
0.4335
0.4335
0.4335
0.4335
0.4335
0.4335
0.4335
0.4335
0.4335
0.4335
0.4335
0.4335
0.4335
0.4335
0.4335
0.4335
0.4335
0.4335
0.4335
0.4335
0.4335
0.4335
0.4335
0.4335
0.4335
0.4335
0.4335
0.4335
0.4335
0.4335
0.4335
0.4335
0.4335
0.4335
0.4335
0.4335
0.4335
0.4335
0.4335
0.4335
0.4335
0.4335
0.4335
0.4335
0.4335
0.4335
0.4335
0.4335
0.4335
0.4335
0.4335
0.4335
0.4335
0.4335
0.4335
0.4335
0.4335
0.4335
0.4335
0.4335
0.4335
0.4335
0.4335
0.4335
0.4335
0.4335
0.4335
0.4335
0.4335
0.4335
0.4335
0.4335
0.4335
0.4335
0.4335
0.4335
0.4335
0.4335
0.4335
0.4335
0.4335
0.4335
0.4335
0.4335
0.4335
0.4335
0.4335
0.4335
0.4335
0.4335
0.4335
0.4335
0.4335
0.4335
0.4335
0.4335
0.4335
0.4335
0.4335
0.4335
0.4335
0.4335
0.4335
0.4335
0.4335
0.4335
0.4335
0.4335
0.4335
0.4335
0.4335
0.4335
0.4335
0.4335
0.4335
0.4335
0.4335
0.4335
0.4335
0.4335
0.4335
0.4335
0.4335
0.4335
0.4335
0.4335
0.4335
0.4335
0.4335
0.4335
0.4335
0.4335
0.4335
0.4335
0.4335
0.4335
0.4335
0.4335
0.4335
0.4335
0.4335
0.4335
0.4335
0.4335
0.4335
0.4335
0.4335
0.4335
0.4335
0.4335
0.4335
0.4335
0.4335
0.4335
0.4335
0.4335
0.4335
0.4335
0.4335
0.4335
0.4335
0.4335
0.4335
0.4335
0.4335
0.4335
0.4335
0.4335
0.4335
0.4335
0.4335
0.4335
0.4335
0.4335
0.4335
0.4335
0.4335
0.4335
0.4335
0.4335
0.4335
0.4335
0.4335
0.4335
0.4335
0.4335
0.4335
0.4335
0.4335
0.4335
0.4335
0.4335
0.4335
0.4335
0.4335
0.4335
0.4335
0.4335
0.4335
0.4335
0.4335
0.4335
0.4335
0.4335
0.4335
0.4335
0.4335
0.4335
0.4335
0.4335
0.4335
0.4335
0.4335
0.4335
0.4335
0.4335
0.4335
0.4335
0.4335
0.4335
0.4335
0.4335
0.4335
0.4335
0.4335
0.4335
0.4335
0.4335
0.4335
0.4335
0.4335
0.4335
0.4335
0.4335
0.4335
0.4335
0.4335
0.4335
0.4335
0.4335
0.4335
0.4335
0.4335
0.4335
0.4335
0.4335
0.4335
0.4335
0.4335
0.4335
0.4335
0.4335
0.4335
0.4335
0.4335
0.4335
0.4335
0.4335
0.4335
0.4335
0.4335
0.4335
0.4335
0.4335
0.4335
0.4335
0.4335
0.4335
0.4335
0.4335
0.4335
0.4335
0.4335
0.4335
0.4335
0.4335
0.4335
0.4335
0.4335
0.4335
0.4335
0.4335
0.4335
0.4335
0.4335
0.4335
0.4335
0.4335
0.4335
0.4335
0.4335
0.4335
0.4335
0.4335
0.4335
0.4335
0.4335
0.4335
0.4335
0.4335
0.4335
0.4335
0.4335
0.4335
0.4335
0.4335
0.4335
0.4335
0.4335
0.4335
0.4335
0.4335
0.4335
0.4335
0.4335
0.4335
0.4335
0.4335
0.4335
0.4335
0.4335
0.4335
0.4335
0.4335
0.4335
0.4335
0.4335
0.4335
0.4335
0.4335
0.4335
0.4335
0.4335
0.4335
0.4335
0.4335
0.4335
0.4335
0.4335
0.4335
0.4335
0.4335
0.4335
0.4335
0.4335
0.4335
0.4335
0.4335
0.4335
0.4335
0.4335
0.4335
0.4335
0.4335
0.4335
0.4335
0.4335
0.4335
0.4335
0.4335
0.4335
0.4335
0.4335
0.4335
0.4335
0.4335
0.4335
0.4335
0.4335
0.4335
0.4335
0.4335
0.4335
0.4335
0.4335
0.4335
0.4335
0.4335
0.4335
0.4335
0.4335
0.4335
0.4335
0.4335
0.4335
0.4335
0.4335
0.4335
0.4335
0.4335
0.4335
0.4335
0.4335
0.4335
0.4335
0.4335
0.4335
0.4335
0.4335
0.4335
0.4335
0.4335
0.4335
0.4335
0.4335
0.4335
0.4335
0.4335
0.4335
0.4335
0.4335
0.4335
0.4335
0.4335
0.4335
0.4335
0.4335
0.4335
0.4335
0.4335
0.4335
0.4335
0.4335
0.4335
0.4335
0.4335
0.4335
0.4335
0.4335
0.4335
0.4335
0.4335
0.4335
0.4335
0.4335
0.4335
0.4335
0.4335
0.4335
0.4335
0.4335
0.4335
0.4335
0.4335
0.4335
0.4335
0.4335
0.4335
0.4335
0.4335
0.4335
0.4335
0.4335
0.4335
0.4335
0.4335
0.4335
0.4335
0.4335
0.4335
0.4335
0.4335
0.4335
0.4335
0.4335
0.4335
0.4335
0.4335
0.4335
0.4335
0.4335
0.4335
0.4335
0.4335
0.4335
0.4335
0.4335
0.4335
0.4335
0.4335
0.4335
0.4335
0.4335
0.4335
0.4335
0.4335
0.4335
0.4335
0.4335
0.4335
0.4335
0.4335
0.4335
0.4335
0.4335
0.4335
0.4335
0.4335
0.4335
0.4335
0.4335
0.4335
0.4335
0.4335
0.4335
0.4335
0.4335
0.4335
0.4335
0.4335
0.4335
0.4335
0.4335
0.4335
0.4335
0.4335
0.4335
0.4335
0.4335
0.4335
0.4335
0.4335
0.4335
0.4335
0.4335
0.4335
0.4335
0.4335
0.4335
0.4335
0.4335
0.4335
0.4335
0.4335
0.4335
0.4335
0.4335
0.4335
0.4335
0.4335
0.4335
0.4335
0.4335
0.4335
0.4335
0.4335
0.4335
0.4335
0.4335
0.4335
0.4335
0.4335
0.4335
0.4335
0.4335
0.4335
0.4335
0.4335
0.4335
0.4335
0.4335
0.4335
0.4335
0.4335
0.4335
0.4335
0.4335
0.4335
0.4335
0.4335
0.4335
0.4335
0.4335
0.4335
0.4335
0.4335
0.4335
0.4335
0.4335
0.4335
0.4335
0.4335
0.4335
0.4335
0.4335
0.4335
0.4335
0.4335
0.4335
0.4335
0.4335
0.4335
0.4335
0.4335
0.4335
0.4335
0.4335
0.4335
0.4335
0.4335
0.4335
0.4335
0.4335
0.4335
0.4335
0.4335
0.4335
0.4335
0.4335
0.4335
0.4335
0.4335
0.4335
0.4335
0.4335
0.4335
0.4335
0.4335
0.4335
0.4335
0.4335
0.4335
0.4335
0.4335
0.4335
0.4335
0.4335
0.4335
0.4335
0.4335
0.4335
0.4335
0.4335
0.4335
0.4335
0.4335
0.4335
0.4335
0.4335
0.4335
0.4335
0.4335
0.4335
0.4335
0.4335
0.4335
0.4335
0.4335
0.4335
0.4335
0.4335
0.4335
0.4335
0.4335
0.4335
0.4335
0.4335
0.4335
0.4335
0.4335
0.4335
0.4335
0.4335
0.4335
0.4335
0.4335
0.4335
0.4335
0.4335
0.4335
0.4335
0.4335
0.4335
0.4335
0.4335
0.4335
0.4335
0.4335
0.4335
0.4335
0.4335
0.4335
0.4335
0.4335
0.4335
0.4335
0.4335
0.4335
0.4335
0.4335
0.4335
0.4335
0.4335
0.4335
0.4335
0.4335
0.4335
0.4335
0.4335
0.4335
0.4335
0.4335
0.4335
0.4335
0.4335
0.4335
0.4335
0.4335
0.4335
0.4335
0.4335
0.4335
0.4335
0.4335
0.4335
0.4335
0.4335
0.4335
0.4335
0.4335
0.4335
0.4335
0.4335
0.4335
0.4335
0.4335
0.4335
0.4335
0.4335
0.4335
0.4335
0.4335
0.4335
0.4335
0.4335
0.4335
0.4335
0.4335
0.4335
0.4335
0.4335
0.4335
0.4335
0.4335
0.4335
0.4335
0.4335
0.4335
0.4335
0.4335
0.4335
0.4335
0.4335
0.4335
0.4335
0.4335
0.4335
0.4335
0.4335
0.4335
0.4335
0.4335
0.4335
0.4335
0.4335
0.4335
0.4335
0.4335
0.4335
0.4335
0.4335
0.4335
0.4335
0.4335
0.4335
0.4335
0.4335
0.4335
0.4335
0.4335
0.4335
0.4335
0.4335
0.4335
0.4335
0.4335
0.4335
0.4335
0.4335
0.4335
0.4335
0.4335
0.4335
0.4335
0.4335
0.4335
0.4335
0.4335
0.4335
0.4335
0.4335
0.4335
0.4335
0.4335
0.4335
0.4335
0.4335
0.4335
0.4335
0.4335
0.4335
0.4335
0.4335
0.4335
0.4335
0.4335
0.4335
0.4335
0.4335
0.4335
0.4335
0.4335
0.4335
0.4335
0.4335
0.4335
0.4335
0.4335
0.4335
0.4335
0.4335
0.4335
0.4335
0.4335
0.4335
0.4335
0.4335
0.4335
0.4335
0.4335
0.4335
0.4335
0.4335
0.4335
0.4335
0.4335
0.4335
0.4335
0.4335
0.4335
0.4335
0.4335
0.4335
0.4335
0.4335
0.4335
0.4335
0.4335
0.4335
0.4335
0.4335
0.4335
0.4335
0.4335
0.4335
0.4335
0.4335
0.4335
0.4335
0.4335
0.4335
0.4335
0.4335
0.4335
0.4335
0.4335
0.4335
0.4335
0.4335
0.4335
0.4335
0.4335
0.4335
0.4335
0.4335
0.4335
0.4335
0.4335
0.4335
0.4335
0.4335
0.4335
0.4335
0.4335
0.4335
0.4335
0.4335
0.4335
0.4335
0.4335
0.4335
0.4335
0.4335
0.4335
0.4335
0.4335
0.4335
0.4335
0.4335
0.4335
0.4335
0.4335
0.4335
0.4335
0.4335
0.4335
0.4335
0.4335
0.4335
0.4335
0.4335
0.4335
0.4335
0.4335
0.4335
0.4335
0.4335
0.4335
0.4335
0.4335
0.4335
0.4335
0.4335
0.4335
0.4335
0.4335
0.4335
0.4335
0.4335
0.4335
0.4335
0.4335
0.4335
0.4335
0.4335
0.4335
0.4335
0.4335
0.4335
0.4335
0.4335
0.4335
0.4335
0.4335
0.4335
0.4335
0.4335
0.4335
0.4335
0.4335
0.4335
0.4335
0.4335
0.4335
0.4335
0.4335
0.4335
0.4335
0.4335
0.4335
0.4335
0.4335
0.4335
0.4335
0.4335
0.4335
0.4335
0.4335
0.4335
0.4335
0.4335
0.4335
0.4335
0.4335
0.4335
0.4335
0.4335
0.4335
0.4335
0.4335
0.4335
0.4335
0.4335
0.4335
0.4335
0.4335
0.4335
0.4335
0.4335
0.4335
0.4335
0.4335
0.4335
0.4335
0.4335
0.4335
0.4335
0.4335
0.4335
0.4335
0.4335
0.4335
0.4335
0.4335
0.4335
0.4335
0.4335
0.4335
0.4335
0.4335
0.4335
0.4335
0.4335
0.4335
0.4335
0.4335
0.4335
0.4335
0.4335
0.4335
0.4335
0.4335
0.4335
0.4335
0.4335
0.4335
0.4335
0.4335
0.4335
0.4335
0.4335
0.4335
0.4335
0.4335
0.4335
0.4335
0.4335
0.4335
0.4335
0.4335
0.4335
0.4335
0.4335
0.4335
0.4335
0.4335
0.4335
0.4335
0.4335
0.4335
0.4335
0.4335
0.4335
0.4335
0.4335
0.4335
0.4335
0.4335
0.4335
0.4335
0.4335
0.4335
0.4335
0.4335
0.4335
0.4335
0.4335
0.4335
0.4335
0.4335
0.4335
0.4335
0.4335
0.4335
0.4335
0.4335
0.4335
0.4335
0.4335
0.4335
0.4335
0.4335
0.4335
0.4335
0.4335
0.4335
0.4335
0.4335
0.4335
0.4335
0.4335
0.4335
0.4335
0.4335
0.4335
0.4335
0.4335
0.4335
0.4335
0.4335
0.4335
0.4335
0.4335
0.4335
0.4335
0.4335
0.4335
0.4335
0.4335
0.4335
0.4335
0.4335
0.4335
0.4335
0.4335
0.4335
0.4335
0.4335
0.4335
0.4335
0.4335
0.4335
0.4335
0.4335
0.4335
0.4335
0.4335
0.4335
0.4335
0.4335
0.4335
0.4335
0.4335
0.4335
0.4335
0.4335
0.4335
0.4335
0.4335
0.4335
0.4335
0.4335
0.4335
0.4335
0.4335
0.4335
0.4335
0.4335
0.4335
0.4335
0.4335
0.4335
0.4335
0.4335
0.4335
0.4335
0.4335
0.4335
0.4335
0.4335
0.4335
0.4335
0.4335
0.4335
0.4335
0.4335
0.4335
0.4335
0.4335
0.4335
0.4335
0.4335
0.4335
0.4335
0.4335
0.4335
0.4335
0.4335
0.4335
0.4335
0.4335
0.4335
0.4335
0.4335
0.4335
0.4335
0.4335
0.4335
0.4335
0.4335
0.4335
0.4335
0.4335
0.4335
0.4335
0.4335
0.4335
0.4335
0.4335
0.4335
0.4335
0.4335
0.4335
0.4335
0.4335
0.4335
0.4335
0.4335
0.4335
0.4335
0.4335
0.4335
0.4335
0.4335
0.4335
0.4335
0.4335
0.4335
0.4335
0.4335
0.4335
0.4335
0.4335
0.4335
0.4335
0.4335
0.4335
0.4335
0.4335
0.4335
0.4335
0.4335
0.4335
0.4335
0.4335
0.4335
0.4335
0.4335
0.4335
0.4335
0.4335
0.4335
0.4335
0.4335
0.4335
0.4335
0.4335
0.4335
0.4335
0.4335
0.4335
0.4335
0.4335
0.4335
0.4335
0.4335
0.4335
0.4335
0.4335
0.4335
0.4335
0.4335
0.4335
0.4335
0.4335
0.4335
0.4335
0.4335
0.4335
0.4335
0.4335
0.4335
0.4335
0.4335
0.4335
0.4335
0.4335
0.4335
0.4335
0.4335
0.4335
0.4335
0.4335
0.4335
0.4335
0.4335
0.4335
0.4335
0.4335
0.4335
0.4335
0.4335
0.4335
0.4335
0.4335
0.4335
0.4335
0.4335
0.4335
0.4335
0.4335
0.4335
0.4335
0.4335
0.4335
0.4335
0.4335
0.4335
0.4335
0.4335
0.4335
0.4335
0.4335
0.4335
0.4335
0.4335
0.4335
0.4335
0.4335
0.4335
0.4335
0.4335
0.4335
0.4335
0.4335
0.4335
0.4335
0.4335
0.4335
0.4335
0.4335
0.4335
0.4335
0.4335
0.4335
0.4335
0.4335
0.4335
0.4335
0.4335
0.4335
0.4335
0.4335
0.4335
0.4335
0.4335
0.4335
0.4335
0.4335
0.4335
0.4335
0.4335
0.4335
0.4335
0.4335
0.4335
0.4335
0.4335
0.4335
0.4335
0.4335
0.4335
0.4335
0.4335
0.4335
0.4335
0.4335
0.4335
0.4335
0.4335
0.4335
0.4335
0.4335
0.4335
0.4335
0.4335
0.4335
0.4335
0.4335
0.4335
0.4335
0.4335
0.4335
0.4335
0.4335
0.4335
0.4335
0.4335
0.4335
0.4335
0.4335
0.4335
0.4335
0.4335
0.4335
0.4335
0.4335
0.4335
0.4335
0.4335
0.4335
0.4335
0.4335
0.4335
0.4335
0.4335
0.4335
0.4335
0.4335
0.4335
0.4335
0.4335
0.4335
0.4335
0.4335
0.4335
0.4335
0.4335
0.4335
0.4335
0.4335
0.4335
0.4335
0.4335
0.4335
0.4335
0.4335
0.4335
0.4335
0.4335
0.4335
0.4335
0.4335
0.4335
0.4335
0.4335
0.4335
0.4335
0.4335
0.4335
0.4335
0.4335
0.4335
0.4335
0.4335
0.4335
0.4335
0.4335
0.4335
0.4335
0.4335
0.4335
0.4335
0.4335
0.4335
0.4335
0.4335
0.4335
0.4335
0.4335
0.4335
0.4335
0.4335
0.4335
0.4335
0.4335
0.4335
0.4335
0.4335
0.4335
0.4335
0.4335
0.4335
0.4335
0.4335
0.4335
0.4335
0.4335
0.4335
0.4335
0.4335
0.4335
0.4335
0.4335
0.4335
0.4335
0.4335
0.4335
0.4335
0.4335
0.4335
0.4335
0.4335
0.4335
0.4335
0.4335
0.4335
0.4335
0.4335
0.4335
0.4335
0.4335
0.4335
0.4335
0.4335
0.4335
0.4335
0.4335
0.4335
0.4335
0.4335
0.4335
0.4335
0.4335
0.4335
0.4335
0.4335
0.4335
0.4335
0.4335
0.4335
0.4335
0.4335
0.4335
0.4335
0.4335
0.4335
0.4335
0.4335
0.4335
0.4335
0.4335
0.4335
0.4335
0.4335
0.4335
0.4335
0.4335
0.4335
0.4335
0.4335
0.4335
0.4335
0.4335
0.4335
0.4335
0.4335
0.4335
0.4335
0.4335
0.4335
0.4335
0.4335
0.4335
0.4335
0.4335
0.4335
0.4335
0.4335
0.4335
0.4335
0.4335
0.4335
0.4335
0.4335
0.4335
0.4335
0.4335
0.4335
0.4335
0.4335
0.4335
0.4335
0.4335
0.4335
0.4335
0.4335
0.4335
0.4335
0.4335
0.4335
0.4335
0.4335
0.4335
0.4335
0.4335
0.4335
0.4335
0.4335
0.4335
0.4335
0.4335
0.4335
0.4335
0.4335
0.4335
0.4335
0.4335
0.4335
0.4335
0.4335
0.4335
0.4335
0.4335
0.4335
0.4335
0.4335
0.4335
0.4335
0.4335
0.4335
0.4335
0.4335
0.4335
0.4335
0.4335
0.4335
0.4335
0.4335
0.4335
0.4335
0.4335
0.4335
0.4335
0.4335
0.4335
0.4335
0.4335
0.4335
0.4335
0.4335
0.4335
0.4335
0.4335
0.4335
0.4335
0.4335
0.4335
0.4335
0.4335
0.4335
0.4335
0.4335
0.4335
0.4335
0.4335
0.4335
0.4335
0.4335
0.4335
0.4335
0.4335
0.4335
0.4335
0.4335
0.4335
0.4335
0.4335
0.4335
0.4335
0.4335
0.4335
0.4335
0.4335
0.4335
0.4335
0.4335
0.4335
0.4335
0.4335
0.4335
0.4335
0.4335
0.4335
0.4335
0.4335
0.4335
0.4335
0.4335
0.4335
0.4335
0.4335
0.4335
0.4335
0.4335
0.4335
0.4335
0.4335
0.4335
0.4335
0.4335
0.4335
0.4335
0.4335
0.4335
0.4335
0.4335
0.4335
0.4335
0.4335
0.4335
0.4335
0.4335
0.4335
0.4335
0.4335
0.4335
0.4335
0.4335
0.4335
0.4335
0.4335
0.4335
0.4335
0.4335
0.4335
0.4335
0.4335
0.4335
0.4335
0.4335
0.4335
0.4335
0.4335
0.4335
0.4335
0.4335
0.4335
0.4335
0.4335
0.4335
0.4335
0.4335
0.4335
0.4335
0.4335
0.4335
0.4335
0.4335
0.4335
0.4335
0.4335
0.4335
0.4335
0.4335
0.4335
0.4335
0.4335
0.4335
0.4335
0.4335
0.4335
0.4335
0.4335
0.4335
0.4335
0.4335
0.4335
0.4335
0.4335
0.4335
0.4335
0.4335
0.4335
0.4335
0.4335
0.4335
0.4335
0.4335
0.4335
0.4335
0.4335
0.4335
0.4335
0.4335
0.4335
0.4335
0.4335
0.4335
0.4335
0.4335
0.4335
0.4335
0.4335
0.4335
0.4335
0.4335
0.4335
0.4335
0.4335
0.4335
0.4335
0.4335
0.4335
0.4335
0.4335
0.4335
0.4335
0.4335
0.4335
0.4335
0.4335
0.4335
0.4335
0.4335
0.4335
0.4335
0.4335
0.4335
0.4335
0.4335
0.4335
0.4335
0.4335
0.4335
0.4335
0.4335
0.4335
0.4335
0.4335
0.4335
0.4335
0.4335
0.4335
0.4335
0.4335
0.4335
0.4335
0.4335
0.4335
0.4335
0.4335
0.4335
0.4335
0.4335
0.4335
0.4335
0.4335
0.4335
0.4335
0.4335
0.4335
0.4335
0.4335
0.4335
0.4335
0.4335
0.4335
0.4335
0.4335
0.4335
0.4335
0.4335
0.4335
0.4335
0.4335
0.4335
0.4335
0.4335
0.4335
0.4335
0.4335
0.4335
0.4335
0.4335
0.4335
0.4335
0.4335
0.4335
0.4335
0.4335
0.4335
0.4335
0.4335
0.4335
0.4335
0.4335
0.4335
0.4335
0.4335
0.4335
0.4335
0.4335
0.4335
0.4335
0.4335
0.4335
0.4335
0.4335
0.4335
0.4335
0.4335
0.4335
0.4335
0.4335
0.4335
0.4335
0.4335
0.4335
0.4335
0.4335
0.4335
0.4335
0.4335
0.4335
0.4335
0.4335
0.4335
0.4335
0.4335
0.4335
0.4335
0.4335
0.4335
0.4335
0.4335
0.4335
0.4335
0.4335
0.4335
0.4335
0.4335
0.4335
0.4335
0.4335
0.4335
0.4335
0.4335
0.4335
0.4335
0.4335
0.4335
0.4335
0.4335
0.4335
0.4335
0.4335
0.4335
0.4335
0.4335
0.4335
0.4335
0.4335
0.4335
0.4335
0.4335
0.4335
0.4335
0.4335
0.4335
0.4335
0.4335
0.4335
0.4335
0.4335
0.4335
0.4335
0.4335
0.4335
0.4335
0.4335
0.4335
0.4335
0.4335
0.4335
0.4335
0.4335
0.4335
0.4335
0.4335
0.4335
0.4335
0.4335
0.4335
0.4335
0.4335
0.4335
0.4335
0.4335
0.4335
0.4335
0.4335
0.4335
0.4335
0.4335
0.4335
0.4335
0.4335
0.4335
0.4335
0.4335
0.4335
0.4335
0.4335
0.4335
0.4335
0.4335
0.4335
0.4335
0.4335
0.4335
0.4335
0.4335
0.4335
0.4335
0.4335
0.4335
0.4335
0.4335
0.4335
0.4335
0.4335
0.4335
0.4335
0.4335
0.4335
0.4335
0.4335
0.4335
0.4335
0.4335
0.4335
0.4335
0.4335
0.4335
0.4335
0.4335
0.4335
0.4335
0.4335
0.4335
0.4335
0.4335
0.4335
0.4335
0.4335
0.4335
0.4335
0.4335
0.4335
0.4335
0.4335
0.4335
0.4335
0.4335
0.4335
0.4335
0.4335
0.4335
0.4335
0.4335
0.4335
0.4335
0.4335
0.4335
0.4335
0.4335
0.4335
0.4335
0.4335
0.4335
0.4335
0.4335
0.4335
0.4335
0.4335
0.4335
0.4335
0.4335
0.4335
0.4335
0.4335
0.4335
0.4335
0.4335
0.4335
0.4335
0.4335
0.4335
0.4335
0.4335
0.4335
0.4335
0.4335
0.4335
0.4335
0.4335
0.4335
0.4335
0.4335
0.4335
0.4335
0.4335
0.4335
0.4335
0.4335
0.4335
0.4335
0.4335
0.4335
0.4335
0.4335
0.4335
0.4335
0.4335
0.4335
0.4335
0.4335
0.4335
0.4335
0.4335
0.4335
0.4335
0.4335
0.4335
0.4335
0.4335
0.4335
0.4335
0.4335
0.4335
0.4335
0.4335
0.4335
0.4335
0.4335
0.4335
0.4335
0.4335
0.4335
0.4335
0.4335
0.4335
0.4335
0.4335
0.4335
0.4335
0.4335
0.4335
0.4335
0.4335
0.4335
0.4335
0.4335
0.4335
0.4335
0.4335
0.4335
0.4335
0.4335
0.4335
0.4335
0.4335
0.4335
0.4335
0.4335
0.4335
0.4335
0.4335
0.4335
0.4335
0.4335
0.4335
0.4335
0.4335
0.4335
0.4335
0.4335
0.4335
0.4335
0.4335
0.4335
0.4335
0.4335
0.4335
0.4335
0.4335
0.4335
0.4335
0.4335
0.4335
0.4335
0.4335
0.4335
0.4335
0.4335
0.4335
0.4335
0.4335
0.4335
0.4335
0.4335
0.4335
0.4335
0.4335
0.4335
0.4335
0.4335
0.4335
0.4335
0.4335
0.4335
0.4335
0.4335
0.4335
0.4335
0.4335
0.4335
0.4335
0.4335
0.4335
0.4335
0.4335
0.4335
0.4335
0.4335
0.4335
0.4335
0.4335
0.4335
0.4335
0.4335
0.4335
0.4335
0.4335
0.4335
0.4335
0.4335
0.4335
0.4335
0.4335
0.4335
0.4335
0.4335
0.4335
0.4335
0.4335
0.4335
0.4335
0.4335
0.4335
0.4335
0.4335
0.4335
0.4335
0.4335
0.4335
0.4335
0.4335
0.4335
0.4335
0.4335
0.4335
0.4335
0.4335
0.4335
0.4335
0.4335
0.4335
0.4335
0.4335
0.4335
0.4335
0.4335
0.4335
0.4335
0.4335
0.4335
0.4335
0.4335
0.4335
0.4335
0.4335
0.4335
0.4335
0.4335
0.4335
0.4335
0.4335
0.4335
0.4335
0.4335
0.4335
0.4335
0.4335
0.4335
0.4335
0.4335
0.4335
0.4335
0.4335
0.4335
0.4335
0.4335
0.4335
0.4335
0.4335
0.4335
0.4335
0.4335
0.4335
0.4335
0.4335
0.4335
0.4335
0.4335
0.4335
0.4335
0.4335
0.4335
0.4335
0.4335
0.4335
0.4335
0.4335
0.4335
0.4335
0.4335
0.4335
0.4335
0.4335
0.4335
0.4335
0.4335
0.4335
0.4335
0.4335
0.4335
0.4335
0.4335
0.4335
0.4335
0.4335
0.4335
0.4335
0.4335
0.4335
0.4335
0.4335
0.4335
0.4335
0.4335
0.4335
0.4335
0.4335
0.4335
0.4335
0.4335
0.4335
0.4335
0.4335
0.4335
0.4335
0.4335
0.4335
0.4335
0.4335
0.4335
0.4335
0.4335
0.4335
0.4335
0.4335
0.4335
0.4335
0.4335
0.4335
0.4335
0.4335
0.4335
0.4335
0.4335
0.4335
0.4335
0.4335
0.4335
0.4335
0.4335
0.4335
0.4335
0.4335
0.4335
0.4335
0.4335
0.4335
0.4335
0.4335
0.4335
0.4335
0.4335
0.4335
0.4335
0.4335
0.4335
0.4335
0.4335
0.4335
0.4335
0.4335
0.4335
0.4335
0.4335
0.4335
0.4335
0.4335
0.4335
0.4335
0.4335
0.4335
0.4335
0.4335
0.4335
0.4335
0.4335
0.4335
0.4335
0.4335
0.4335
0.4335
0.4335
0.4335
0.4335
0.4335
0.4335
0.4335
0.4335
0.4335
0.4335
0.4335
0.4335
0.4335
0.4335
0.4335
0.4335
0.4335
0.4335
0.4335
0.4335
0.4335
0.4335
0.4335
0.4335
0.4335
0.4335
0.4335
0.4335
0.4335
0.4335
0.4335
0.4335
0.4335
0.4335
0.4335
0.4335
0.4335
0.4335
0.4335
0.4335
0.4335
0.4335
0.4335
0.4335
0.4335
0.4335
0.4335
0.4335
0.4335
0.4335
0.4335
0.4335
0.4335
0.4335
0.4335
0.4335
0.4335
0.4335
0.4335
0.4335
0.4335
0.4335
0.4335
0.4335
0.4335
0.4335
0.4335
0.4335
0.4335
0.4335
0.4335
0.4335
0.4335
0.4335
0.4335
0.4335
0.4335
0.4335
0.4335
0.4335
0.4335
0.4335
0.4335
0.4335
0.4335
0.4335
0.4335
0.4335
0.4335
0.4335
0.4335
0.4335
0.4335
0.4335
0.4335
0.4335
0.4335
0.4335
0.4335
0.4335
0.4335
0.4335
0.4335
0.4335
0.4335
0.4335
0.4335
0.4335
0.4335
0.4335
0.4335
0.4335
0.4335
0.4335
0.4335
0.4335
0.4335
0.4335
0.4335
0.4335
0.4335
0.4335
0.4335
0.4335
0.4335
0.4335
0.4335
0.4335
0.4335
0.4335
0.4335
0.4335
0.4335
0.4335
0.4335
0.4335
0.4335
0.4335
0.4335
0.4335
0.4335
0.4335
0.4335
0.4335
0.4335
0.4335
0.4335
0.4335
0.4335
0.4335
0.4335
0.4335
0.4335
0.4335
0.4335
0.4335
0.4335
0.4335
0.4335
0.4335
0.4335
0.4335
0.4335
0.4335
0.4335
0.4335
0.4335
0.4335
0.4335
0.4335
0.4335
0.4335
0.4335
0.4335
0.4335
0.4335
0.4335
0.4335
0.4335
0.4335
0.4335
0.4335
0.4335
0.4335
0.4335
0.4335
0.4335
0.4335
0.4335
0.4335
0.4335
0.4335
0.4335
0.4335
0.4335
0.4335
0.4335
0.4335
0.4335
0.4335
0.4335
0.4335
0.4335
0.4335
0.4335
0.4335
0.4335
0.4335
0.4335
0.4335
0.4335
0.4335
0.4335
0.4335
0.4335
0.4335
0.4335
0.4335
0.4335
0.4335
0.4335
0.4335
0.4335
0.4335
0.4335
0.4335
0.4335
0.4335
0.4335
0.4335
0.4335
0.4335
0.4335
0.4335
0.4335
0.4335
0.4335
0.4335
0.4335
0.4335
0.4335
0.4335
0.4335
0.4335
0.4335
0.4335
0.4335
0.4335
0.4335
0.4335
0.4335
0.4335
0.4335
0.4335
0.4335
0.4335
0.4335
0.4335
0.4335
0.4335
0.4335
0.4335
0.4335
0.4335
0.4335
0.4335
0.4335
0.4335
0.4335
0.4335
0.4335
0.4335
0.4335
0.4335
0.4335
0.4335
0.4335
0.4335
0.4335
0.4335
0.4335
0.4335
0.4335
0.4335
0.4335
0.4335
0.4335
0.4335
0.4335
0.4335
0.4335
0.4335
0.4335
0.4335
0.4335
0.4335
0.4335
0.4335
0.4335
0.4335
0.4335
0.4335
0.4335
0.4335
0.4335
0.4335
0.4335
0.4335
0.4335
0.4335
0.4335
0.4335
0.4335
0.4335
0.4335
0.4335
0.4335
0.4335
0.4335
0.4335
0.4335
0.4335
0.4335
0.4334
0.4334
0.4334
0.4334
0.4334
0.4333
0.4333
0.4333
0.4332
0.4332
0.4331
0.4329
0.4327
0.4323
0.4319
0.4313
0.4306
0.43
0.4293
0.4287
0.4281
0.4276
0.4272
0.4268
0.4264
0.4261
0.4257
0.4252
0.4246
0.4239
0.4232
0.4224
0.4215
0.4206
0.4197
0.4189
0.4181
0.4174
0.4167
0.416
0.4153
0.4146
0.4138
0.413
0.4121
0.4111
0.4101
0.4091
0.408
0.4069
0.4058
0.4048
0.4037
0.4028
0.4018
0.4009
0.4
0.3991
0.3982
0.3973
0.3964
0.3954
0.3943
0.3933
0.3922
0.3912
0.3901
0.389
0.388
0.387
0.386
0.3851
0.3842
0.3832
0.3823
0.3813
0.3803
0.3793
0.3782
0.3771
0.3761
0.375
0.3739
0.3729
0.3718
0.3708
0.3698
0.3689
0.3679
0.367
0.366
0.3651
0.3641
0.3632
0.3622
0.3612
0.3601
0.3591
0.358
0.3569
0.3559
0.3548
0.3538
0.3528
0.3518
0.3508
0.3498
0.3488
0.3479
0.3469
0.3459
0.345
0.344
0.343
0.342
0.3409
0.3399
0.3388
0.3378
0.3367
0.3357
0.3347
0.3337
0.3327
0.3317
0.3308
0.3299
0.329
0.328
0.3271
0.3261
0.325
0.3239
0.3228
0.3217
0.3207
0.3196
0.3186
0.3176
0.3166
0.3157
0.3147
0.3138
0.3128
0.3119
0.3109
0.3099
0.3089
0.3078
0.3068
0.3057
0.3046
0.3036
0.3025
0.3015
0.3006
0.2996
0.2987
0.2978
0.2968
0.2959
0.2949
0.2939
0.2929
0.2919
0.2908
0.2897
0.2887
0.2877
0.2866
0.2856
0.2847
0.2837
0.2828
0.2818
0.2809
0.28
0.2791
0.2782
0.2772
0.2762
0.2751
0.274
0.2728
0.2717
0.2705
0.2694
0.2683
0.2673
0.2663
0.2653
0.2645
0.2636
0.2628
0.2619
0.261
0.26
0.259
0.2579
0.2568
0.2556
0.2545
0.2534
0.2524
0.2514
0.2504
0.2495
0.2486
0.2478
0.2469
0.246
0.245
0.244
0.243
0.2419
0.2408
0.2397
0.2386
0.2376
0.2365
0.2355
0.2346
0.2337
0.2327
0.2318
0.2309
0.2299
0.2289
0.2278
0.2267
0.2256
0.2246
0.2235
0.2225
0.2214
0.2205
0.2195
0.2186
0.2178
0.2169
0.216
0.215
0.214
0.213
0.2119
0.2107
0.2096
0.2085
0.2075
0.2065
0.2055
0.2045
0.2036
0.2027
0.2018
0.2008
0.1999
0.1989
0.1978
0.1967
0.1957
0.1946
0.1936
0.1926
0.1916
0.1907
0.1897
0.1888
0.1878
0.1869
0.1859
0.1848
0.1838
0.1827
0.1817
0.1807
0.1797
0.1787
0.1777
0.1767
0.1757
0.1748
0.1738
0.1729
0.1719
0.1709
0.1699
0.1689
0.1678
0.1668
0.1658
0.1648
0.1637
0.1627
0.1618
0.1608
0.1598
0.1589
0.1579
0.1569
0.1559
0.1548
0.1538
0.1527
0.1517
0.1507
0.1497
0.1488
0.1478
0.1468
0.1458
0.1447
0.1437
0.1426
0.1416
0.1406
0.1396
0.1386
0.1376
0.1366
0.1357
0.1348
0.1338
0.1329
0.1318
0.1308
0.1297
0.1287
0.1276
0.1265
0.1255
0.1245
0.1236
0.1226
0.1217
0.1208
0.1198
0.1188
0.1178
0.1167
0.1157
0.1147
0.1137
0.1128
0.1119
0.111
0.1101
0.1091
0.1081
0.1071
0.106
0.1048
0.1037
0.1025
0.1014
0.1003
0.0993
0.0983
0.0973
0.0964
0.0955
0.0947
0.0938
0.0929
0.0919
0.0909
0.0898
0.0887
0.0876
0.0865
0.0855
0.0845
0.0835
0.0825
0.0816
0.0807
0.0799
0.079
0.0781
0.0772
0.0762
0.0751
0.0741
0.073
0.0718
0.0707
0.0696
0.0686
0.0675
0.0666
0.0656
0.0647
0.0638
0.0629
0.0619
0.0609
0.0599
0.0589
0.0578
0.0568
0.0557
0.0547
0.0537
0.0527
0.0517
0.0507
0.0498
0.0488
0.0478
0.0469
0.0459
0.0449
0.0438
0.0428
0.0417
0.0406
0.0396
0.0386
0.0375
0.0365
0.0356
0.0346
0.0337
0.0327
0.0318
0.0309
0.0299
0.0289
0.0279
0.0269
0.0258
0.0248
0.0237
0.0227
0.0217
0.0207
0.0197
0.0187
0.0178
0.0168
0.0158
0.0148
0.0137
0.0127
0.0117
0.0106
0.0096
0.0086
0.0076
0.0066
0.0056
0.0046
0.0037
0.0027
0.0018
0.0008
-0.0001
-0.0011
-0.0021
-0.0031
-0.0041
-0.0051
-0.0061
-0.0072
-0.0082
-0.0093
-0.0103
-0.0113
-0.0123
-0.0132
-0.0142
-0.0151
-0.016
-0.017
-0.0179
-0.0189
-0.0199
-0.021
-0.0221
-0.0232
-0.0243
-0.0254
-0.0264
-0.0274
-0.0284
-0.0294
-0.0303
-0.0313
-0.0322
-0.0331
-0.0341
-0.035
-0.036
-0.037
-0.0381
-0.0392
-0.0403
-0.0414
-0.0425
-0.0435
-0.0446
-0.0455
-0.0465
-0.0475
-0.0484
-0.0493
-0.0502
-0.0512
-0.0522
-0.0531
-0.0542
-0.0552
-0.0562
-0.0573
-0.0583
-0.0592
-0.0602
-0.0612
-0.0622
-0.0632
-0.0642
-0.0652
-0.0662
-0.0672
-0.0682
-0.0692
-0.0702
-0.0711
-0.0722
-0.0731
-0.0741
-0.0752
-0.0762
-0.0772
-0.0783
-0.0793
-0.0803
-0.0813
-0.0823
-0.0833
-0.0843
-0.0852
-0.0862
-0.0871
-0.0881
-0.0891
-0.0901
-0.0911
-0.0922
-0.0932
-0.0943
-0.0953
-0.0964
-0.0974
-0.0985
-0.0995
-0.1005
-0.1014
-0.1024
-0.1034
-0.1043
-0.1053
-0.1063
-0.1074
-0.1084
-0.1094
-0.1104
-0.1113
-0.1123
-0.1133
-0.1143
-0.1153
-0.1163
-0.1174
-0.1184
-0.1194
-0.1204
-0.1214
-0.1224
-0.1234
-0.1243
-0.1253
-0.1263
-0.1273
-0.1282
-0.1292
-0.1302
-0.1313
-0.1323
-0.1334
-0.1344
-0.1354
-0.1364
-0.1373
-0.1383
-0.1393
-0.1402
-0.1412
-0.1422
-0.1432
-0.1442
-0.1453
-0.1462
-0.1472
-0.1482
-0.1492
-0.1502
-0.1512
-0.1523
-0.1533
-0.1543
-0.1554
-0.1563
-0.1573
-0.1583
-0.1592
-0.1602
-0.1612
-0.1622
-0.1632
-0.1643
-0.1653
-0.1663
-0.1674
-0.1683
-0.1693
-0.1703
-0.1713
-0.1722
-0.1732
-0.1742
-0.1753
-0.1763
-0.1773
-0.1783
-0.1794
-0.1803
-0.1813
-0.1822
-0.1832
-0.1841
-0.1851
-0.1861
-0.1872
-0.1882
-0.1893
-0.1903
-0.1914
-0.1923
-0.1933
-0.1942
-0.1951
-0.196
-0.197
-0.1979
-0.1989
-0.2
-0.201
-0.2021
-0.2031
-0.2041
-0.2052
-0.2062
-0.2072
-0.2082
-0.2092
-0.2102
-0.2112
-0.2122
-0.2133
-0.2143
-0.2153
-0.2164
-0.2174
-0.2183
-0.2193
-0.2202
-0.2211
-0.2221
-0.2231
-0.2241
-0.2251
-0.2262
-0.2273
-0.2283
-0.2294
-0.2304
-0.2314
-0.2323
-0.2333
-0.2342
-0.2352
-0.2361
-0.2371
-0.2382
-0.2392
-0.2403
-0.2413
-0.2423
-0.2434
-0.2443
-0.2453
-0.2462
-0.2472
-0.2481
-0.2491
-0.2502
-0.2512
-0.2522
-0.2532
-0.2542
-0.2552
-0.2561
-0.2571
-0.2581
-0.259
-0.26
-0.2611
-0.2622
-0.2633
-0.2644
-0.2654
-0.2665
-0.2675
-0.2685
-0.2694
-0.2703
-0.2712
-0.2721
-0.2731
-0.274
-0.275
-0.2761
-0.2771
-0.2782
-0.2793
-0.2804
-0.2814
-0.2823
-0.2833
-0.2842
-0.2851
-0.2861
-0.287
-0.288
-0.2891
-0.2901
-0.2911
-0.2922
-0.2932
-0.2943
-0.2953
-0.2963
-0.2973
-0.2982
-0.2992
-0.3002
-0.3012
-0.3023
-0.3033
-0.3044
-0.3054
-0.3064
-0.3074
-0.3083
-0.3093
-0.3102
-0.3111
-0.312
-0.313
-0.314
-0.315
-0.3161
-0.3172
-0.3182
-0.3193
-0.3204
-0.3214
-0.3224
-0.3234
-0.3243
-0.3253
-0.3262
-0.3272
-0.3282
-0.3292
-0.3302
-0.3312
-0.3322
-0.3332
-0.3342
-0.3352
-0.3362
-0.3372
-0.3381
-0.3391
-0.34
-0.341
-0.342
-0.343
-0.3441
-0.3451
-0.3461
-0.3472
-0.3482
-0.3493
-0.3503
-0.3513
-0.3524
-0.3534
-0.3544
-0.3553
-0.3563
-0.3573
-0.3582
-0.3592
-0.3602
-0.3611
-0.3621
-0.3631
-0.3641
-0.3651
-0.3661
-0.3671
-0.3681
-0.3691
-0.3701
-0.3711
-0.3721
-0.3731
-0.3741
-0.3751
-0.3761
-0.3771
-0.3781
-0.3791
-0.38
-0.381
-0.382
-0.383
-0.384
-0.385
-0.3861
-0.3872
-0.3883
-0.3894
-0.3904
-0.3915
-0.3925
-0.3934
-0.3943
-0.3953
-0.3961
-0.397
-0.398
-0.399
-0.4
-0.4011
-0.4022
-0.4033
-0.4044
-0.4055
-0.4065
-0.4075
-0.4085
-0.4095
-0.4104
-0.4113
-0.4122
-0.4132
-0.4141
-0.4151
-0.4162
-0.4172
-0.4183
-0.4193
-0.4204
-0.4214
-0.4224
-0.4233
-0.4243
-0.4252
-0.4262
-0.4271
-0.4281
-0.4292
-0.4302
-0.4313
-0.4323
-0.4333
-0.4343
-0.4352
-0.4362
-0.4371
-0.438
-0.439
-0.44
-0.4411
-0.4421
-0.4432
-0.4442
-0.4453
-0.4463
-0.4473
-0.4482
-0.4491
-0.4501
-0.451
-0.4519
-0.4529
-0.454
-0.4551
-0.4562
-0.4573
-0.4584
-0.4595
-0.4605
-0.4616
-0.4625
-0.4635
-0.4644
-0.4652
-0.4662
-0.4671
-0.4681
-0.4691
-0.4702
-0.4713
-0.4724
-0.4735
-0.4745
-0.4755
-0.4764
-0.4774
-0.4783
-0.4791
-0.4801
-0.481
-0.482
-0.483
-0.4841
-0.4852
-0.4863
-0.4874
-0.4884
-0.4895
-0.4905
-0.4914
-0.4923
-0.4932
-0.4941
-0.4951
-0.496
-0.497
-0.4981
-0.4992
-0.5003
-0.5014
-0.5025
-0.5035
-0.5045
-0.5054
-0.5063
-0.5071
-0.508
-0.5089
-0.5098
-0.5108
-0.5118
-0.5129
-0.514
-0.5151
-0.5163
-0.5174
-0.5185
-0.5195
-0.5205
-0.5214
-0.5223
-0.5232
-0.5241
-0.5251
-0.526
-0.5271
-0.5281
-0.5292
-0.5303
-0.5313
-0.5324
-0.5334
-0.5344
-0.5354
-0.5363
-0.5372
-0.5381
-0.5391
-0.54
-0.5411
-0.5421
-0.5432
-0.5442
-0.5453
-0.5463
-0.5473
-0.5483
-0.5492
-0.5502
-0.5511
-0.552
-0.553
-0.554
-0.555
-0.5561
-0.5572
-0.5582
-0.5593
-0.5603
-0.5613
-0.5623
-0.5632
-0.5642
-0.5651
-0.566
-0.5669
-0.5679
-0.5689
-0.5699
-0.5709
-0.5719
-0.5729
-0.5739
-0.5749
-0.5758
-0.5767
-0.5775
-0.5783
-0.5791
-0.58
-0.5808
-0.5816
-0.5825
-0.5833
-0.5841
-0.5849
-0.5856
-0.5863
-0.587
-0.5876
-0.5882
-0.5888
-0.5895
-0.5901
-0.5907
-0.5913
-0.5919
-0.5924
-0.5929
-0.5934
-0.5939
-0.5943
-0.5947
-0.5951
-0.5955
-0.5959
-0.5962
-0.5966
-0.5969
-0.5972
-0.5974
-0.5977
-0.5979
-0.5981
-0.5983
-0.5985
-0.5987
-0.5989
-0.599
-0.5992
-0.5994
-0.5995
-0.5996
-0.5997
-0.5998
-0.5998
-0.5998
-0.5999
-0.5999
-0.5999
-0.5999
-0.6
-0.6
-0.6
-0.6
-0.6
-0.6
-0.6001
-0.6001
-0.6001
-0.6001
-0.6001
-0.6001
-0.6001
-0.6001
-0.6001
-0.6001
-0.6001
-0.6001
-0.6001