-0.6
-0.6
-0.6
-0.6
-0.6
-0.6
-0.6
-0.6
-0.6
-0.6
-0.6
-0.6
-0.6
-0.6
-0.6
-0.6
-0.6
-0.6
-0.6
-0.6
-0.6
-0.6
-0.6
-0.6
-0.6
-0.6
-0.6
-0.6
-0.5999
-0.5999
-0.5999
-0.5999
-0.5999
-0.5998
-0.5998
-0.5997
-0.5997
-0.5996
-0.5995
-0.5993
-0.5989
-0.5985
-0.5979
-0.5973
-0.5967
-0.5961
-0.5955
-0.595
-0.5946
-0.5942
-0.5939
-0.5935
-0.5932
-0.5927
-0.5922
-0.5916
-0.5909
-0.5902
-0.5893
-0.5884
-0.5876
-0.5867
-0.5858
-0.585
-0.5843
-0.5836
-0.5829
-0.5823
-0.5816
-0.5808
-0.58
-0.5791
-0.5781
-0.5771
-0.576
-0.575
-0.574
-0.573
-0.5721
-0.5712
-0.5703
-0.5695
-0.5686
-0.5677
-0.5668
-0.5658
-0.5648
-0.5637
-0.5626
-0.5614
-0.5603
-0.5592
-0.5581
-0.5571
-0.5561
-0.5552
-0.5543
-0.5535
-0.5526
-0.5516
-0.5507
-0.5496
-0.5486
-0.5475
-0.5463
-0.5452
-0.5441
-0.543
-0.542
-0.541
-0.5401
-0.5392
-0.5383
-0.5374
-0.5365
-0.5356
-0.5346
-0.5335
-0.5324
-0.5312
-0.5301
-0.5289
-0.5278
-0.5268
-0.5258
-0.5249
-0.524
-0.5231
-0.5222
-0.5213
-0.5204
-0.5194
-0.5184
-0.5173
-0.5162
-0.5151
-0.514
-0.5129
-0.5118
-0.5108
-0.5099
-0.5089
-0.508
-0.5071
-0.5062
-0.5052
-0.5043
-0.5032
-0.5022
-0.5011
-0.5
-0.4989
-0.4979
-0.4968
-0.4958
-0.4949
-0.4939
-0.4931
-0.4922
-0.4913
-0.4903
-0.4893
-0.4883
-0.4873
-0.4862
-0.4851
-0.4841
-0.483
-0.482
-0.481
-0.48
-0.4791
-0.4781
-0.4772
-0.4762
-0.4752
-0.4742
-0.4731
-0.4721
-0.471
-0.47
-0.4689
-0.4679
-0.467
-0.466
-0.465
-0.4641
-0.4631
-0.4622
-0.4612
-0.4602
-0.4591
-0.4581
-0.457
-0.456
-0.4549
-0.4539
-0.4529
-0.452
-0.451
-0.4501
-0.4492
-0.4482
-0.4473
-0.4463
-0.4452
-0.4442
-0.4431
-0.4421
-0.441
-0.4399
-0.4388
-0.4378
-0.4368
-0.4358
-0.4349
-0.4339
-0.433
-0.4321
-0.4312
-0.4302
-0.4293
-0.4282
-0.4272
-0.4261
-0.425
-0.424
-0.4229
-0.4219
-0.4209
-0.4199
-0.4189
-0.4179
-0.4169
-0.4159
-0.4149
-0.4139
-0.4129
-0.4119
-0.4109
-0.4099
-0.4089
-0.4079
-0.407
-0.406
-0.405
-0.4041
-0.4031
-0.402
-0.401
-0.4
-0.3989
-0.3979
-0.3969
-0.3959
-0.3949
-0.3939
-0.3929
-0.3919
-0.391
-0.3899
-0.3889
-0.3879
-0.3869
-0.3859
-0.385
-0.384
-0.3829
-0.3819
-0.381
-0.38
-0.379
-0.378
-0.377
-0.3761
-0.3751
-0.374
-0.373
-0.372
-0.371
-0.37
-0.369
-0.368
-0.367
-0.366
-0.365
-0.364
-0.3629
-0.3619
-0.3608
-0.3598
-0.3588
-0.3578
-0.3568
-0.3559
-0.3549
-0.3539
-0.353
-0.352
-0.351
-0.35
-0.349
-0.348
-0.3469
-0.3459
-0.3449
-0.3438
-0.3429
-0.3419
-0.3409
-0.34
-0.339
-0.3381
-0.3371
-0.3361
-0.335
-0.334
-0.3329
-0.3319
-0.3308
-0.3297
-0.3287
-0.3277
-0.3267
-0.3258
-0.3248
-0.3239
-0.323
-0.3221
-0.3211
-0.3202
-0.3192
-0.3182
-0.3171
-0.3161
-0.315
-0.3139
-0.3128
-0.3118
-0.3108
-0.3098
-0.3088
-0.3078
-0.3069
-0.3059
-0.3049
-0.3039
-0.3029
-0.3019
-0.3008
-0.2998
-0.2987
-0.2977
-0.2967
-0.2957
-0.2947
-0.2938
-0.2929
-0.2919
-0.291
-0.29
-0.289
-0.288
-0.287
-0.2859
-0.2849
-0.2838
-0.2828
-0.2818
-0.2808
-0.2798
-0.2788
-0.2779
-0.2769
-0.2759
-0.2749
-0.274
-0.2729
-0.2719
-0.2709
-0.2698
-0.2688
-0.2678
-0.2668
-0.2658
-0.2648
-0.2638
-0.2629
-0.262
-0.261
-0.2601
-0.2591
-0.2582
-0.2572
-0.2561
-0.255
-0.2539
-0.2529
-0.2518
-0.2507
-0.2497
-0.2486
-0.2477
-0.2467
-0.2457
-0.2448
-0.2438
-0.2429
-0.2419
-0.2409
-0.2399
-0.2389
-0.2378
-0.2368
-0.2358
-0.2348
-0.2338
-0.2328
-0.2318
-0.2308
-0.2298
-0.2289
-0.2279
-0.227
-0.226
-0.225
-0.224
-0.223
-0.2219
-0.2209
-0.2199
-0.2188
-0.2178
-0.2169
-0.2159
-0.2149
-0.2139
-0.2129
-0.2119
-0.2109
-0.2099
-0.2089
-0.2079
-0.2069
-0.2059
-0.2049
-0.2039
-0.2029
-0.2019
-0.2009
-0.1999
-0.199
-0.198
-0.197
-0.1961
-0.195
-0.194
-0.193
-0.1919
-0.1909
-0.1898
-0.1887
-0.1877
-0.1867
-0.1857
-0.1847
-0.1838
-0.1829
-0.1819
-0.181
-0.18
-0.179
-0.178
-0.177
-0.1759
-0.1749
-0.1738
-0.1728
-0.1718
-0.1708
-0.1698
-0.1688
-0.1679
-0.1669
-0.1659
-0.165
-0.164
-0.163
-0.1619
-0.1609
-0.1598
-0.1588
-0.1578
-0.1567
-0.1557
-0.1548
-0.1538
-0.1529
-0.1519
-0.151
-0.15
-0.149
-0.148
-0.1469
-0.1459
-0.1448
-0.1438
-0.1427
-0.1417
-0.1408
-0.1398
-0.1389
-0.138
-0.1371
-0.1361
-0.1351
-0.1341
-0.1331
-0.132
-0.1309
-0.1299
-0.1288
-0.1278
-0.1267
-0.1258
-0.1248
-0.1238
-0.1229
-0.1219
-0.1209
-0.1199
-0.1189
-0.1179
-0.1169
-0.1159
-0.1148
-0.1138
-0.1128
-0.1117
-0.1107
-0.1097
-0.1088
-0.1078
-0.1069
-0.1059
-0.1049
-0.1039
-0.103
-0.102
-0.101
-0.0999
-0.0989
-0.0979
-0.0969
-0.0959
-0.0949
-0.0939
-0.0929
-0.092
-0.091
-0.09
-0.0891
-0.0881
-0.0871
-0.086
-0.085
-0.0839
-0.0829
-0.0818
-0.0807
-0.0797
-0.0787
-0.0778
-0.0768
-0.0759
-0.0749
-0.0739
-0.073
-0.072
-0.071
-0.0699
-0.0689
-0.0678
-0.0667
-0.0657
-0.0647
-0.0637
-0.0627
-0.0618
-0.0609
-0.06
-0.059
-0.0581
-0.0571
-0.0561
-0.0551
-0.0541
-0.053
-0.052
-0.0509
-0.0498
-0.0488
-0.0478
-0.0468
-0.0458
-0.0449
-0.0439
-0.043
-0.0421
-0.0412
-0.0402
-0.0392
-0.0382
-0.0371
-0.036
-0.0349
-0.0338
-0.0327
-0.0317
-0.0307
-0.0298
-0.0288
-0.0279
-0.027
-0.0261
-0.0251
-0.0241
-0.0231
-0.022
-0.0209
-0.0198
-0.0187
-0.0176
-0.0166
-0.0156
-0.0146
-0.0137
-0.0128
-0.0119
-0.0109
-0.01
-0.009
-0.008
-0.007
-0.006
-0.0049
-0.0039
-0.0028
-0.0018
-0.0008
0.0002
0.0012
0.0022
0.0032
0.0042
0.0051
0.0061
0.0071
0.0081
0.0091
0.0101
0.0111
0.0122
0.0132
0.0142
0.0152
0.0161
0.0171
0.018
0.019
0.02
0.021
0.022
0.023
0.0241
0.0251
0.0262
0.0272
0.0282
0.0293
0.0303
0.0313
0.0323
0.0332
0.0342
0.0352
0.0361
0.0371
0.038
0.039
0.04
0.0411
0.0421
0.0431
0.0442
0.0452
0.0462
0.0472
0.0481
0.0491
0.0501
0.0511
0.052
0.053
0.0541
0.0551
0.0562
0.0572
0.0583
0.0593
0.0603
0.0614
0.0623
0.0633
0.0643
0.0652
0.0662
0.0671
0.0681
0.069
0.07
0.071
0.0721
0.0732
0.0743
0.0753
0.0764
0.0774
0.0783
0.0793
0.0802
0.0812
0.0821
0.0831
0.0841
0.0851
0.0862
0.0872
0.0883
0.0893
0.0904
0.0914
0.0923
0.0933
0.0942
0.0952
0.0961
0.097
0.098
0.099
0.1001
0.1011
0.1021
0.1032
0.1042
0.1052
0.1061
0.1071
0.108
0.109
0.11
0.1109
0.1119
0.113
0.1141
0.1152
0.1163
0.1174
0.1185
0.1195
0.1206
0.1215
0.1224
0.1233
0.1242
0.1251
0.126
0.127
0.128
0.129
0.1301
0.1312
0.1323
0.1333
0.1343
0.1353
0.1363
0.1372
0.1381
0.1391
0.14
0.141
0.142
0.143
0.1441
0.1451
0.1462
0.1473
0.1484
0.1494
0.1504
0.1514
0.1523
0.1532
0.1542
0.1551
0.1561
0.1571
0.1581
0.1592
0.1602
0.1612
0.1623
0.1633
0.1643
0.1653
0.1663
0.1673
0.1682
0.1692
0.1702
0.1711
0.1721
0.1731
0.1741
0.1751
0.1761
0.1772
0.1782
0.1792
0.1802
0.1812
0.1822
0.1832
0.1841
0.1851
0.186
0.1869
0.1878
0.1887
0.1897
0.1906
0.1916
0.1926
0.1936
0.1946
0.1956
0.1965
0.1974
0.1982
0.199
0.1997
0.2004
0.2011
0.2019
0.2026
0.2033
0.2041
0.2048
0.2056
0.2063
0.207
0.2076
0.2082
0.2088
0.2093
0.2098
0.2103
0.2107
0.2112
0.2116
0.2121
0.2125
0.213
0.2134
0.2138
0.2142
0.2145
0.2149
0.2151
0.2154
0.2156
0.2158
0.2159
0.2161
0.2163
0.2164
0.2166
0.2168
0.2169
0.2171
0.2172
0.2173
0.2174
0.2175
0.2175
0.2176
0.2176
0.2177
0.2177
0.2177
0.2178
0.2178
0.2178
0.2178
0.2178
0.2178
0.2179
0.2179
0.2179
0.2179
0.2179
0.2179
0.2179
0.2179
0.2179
0.2179
0.2179
0.2179
0.2179
0.2179
0.2179
0.218
0.218
0.218
0.218
0.218
0.218
0.218
0.218
0.218
0.218
0.218
0.218
0.218
0.218
0.218
0.218
0.218
0.218
0.218
0.218
0.218
0.218
0.218
0.218
0.218
0.218
0.218
0.218
0.218
0.218
0.218
0.218
0.218
0.218
0.218
0.218
0.218
0.218
0.218
0.218
0.218
0.218
0.218
0.218
0.218
0.218
0.218
0.218
0.218
0.218
0.218
0.218
0.218
0.218
0.218
0.218
0.218
0.218
0.218
0.218
0.218
0.218
0.218
0.218
0.218
0.218
0.218
0.218
0.218
0.218
0.218
0.218
0.218
0.218
0.218
0.218
0.218
0.218
0.218
0.218
0.218
0.218
0.218
0.218
0.218
0.218
0.218
0.218
0.218
0.218
0.218
0.218
0.218
0.218
0.218
0.218
0.218
0.218
0.218
0.218
0.218
0.218
0.218
0.218
0.218
0.218
0.218
0.218
0.218
0.218
0.218
0.218
0.218
0.218
0.218
0.218
0.218
0.218
0.218
0.218
0.218
0.218
0.218
0.218
0.218
0.218
0.218
0.218
0.218
0.218
0.218
0.218
0.218
0.218
0.218
0.218
0.218
0.218
0.218
0.218
0.218
0.218
0.218
0.218
0.218
0.218
0.218
0.218
0.218
0.218
0.218
0.218
0.218
0.218
0.218
0.218
0.218
0.218
0.218
0.218
0.218
0.218
0.218
0.218
0.218
0.218
0.218
0.218
0.218
0.218
0.218
0.218
0.218
0.218
0.218
0.218
0.218
0.218
0.218
0.218
0.218
0.218
0.218
0.218
0.218
0.218
0.218
0.218
0.218
0.218
0.218
0.218
0.218
0.218
0.218
0.218
0.218
0.218
0.218
0.218
0.218
0.218
0.218
0.218
0.218
0.218
0.218
0.218
0.218
0.218
0.218
0.218
0.218
0.218
0.218
0.2179
0.2179
0.2179
0.2179
0.2179
0.2179
0.2179
0.2179
0.2179
0.2179
0.2179
0.2179
0.2179
0.2179
0.2179
0.2179
0.2179
0.2179
0.2179
0.2179
0.2179
0.2179
0.2179
0.2179
0.2179
0.2179
0.2179
0.2179
0.2179
0.2179
0.2179
0.2179
0.2179
0.2179
0.2179
0.2179
0.2179
0.2179
0.2179
0.2179
0.2179
0.2179
0.2179
0.2179
0.2179
0.2179
0.2179
0.2179
0.2179
0.2179
0.2179
0.2179
0.2179
0.2179
0.2179
0.2179
0.2179
0.2179
0.2179
0.2179
0.2179
0.2179
0.2179
0.2179
0.2179
0.2179
0.2179
0.2179
0.2179
0.2179
0.2179
0.2179
0.2179
0.2179
0.2179
0.2179
0.2179
0.2179
0.2179
0.2179
0.2179
0.2179
0.2179
0.2179
0.2179
0.2179
0.2179
0.2179
0.2179
0.2179
0.2179
0.2179
0.2179
0.2179
0.2179
0.2179
0.2179
0.2179
0.2179
0.2179
0.2179
0.2179
0.2179
0.2179
0.2179
0.2179
0.2179
0.2179
0.2179
0.2179
0.2179
0.2179
0.2179
0.2179
0.2179
0.2179
0.2179
0.2179
0.2179
0.2179
0.2179
0.2179
0.2179
0.2179
0.2179
0.2179
0.2179
0.2179
0.2179
0.2179
0.2179
0.2179
0.2179
0.2179
0.2179
0.2179
0.2179
0.2179
0.2179
0.2179
0.2179
0.2179
0.2179
0.2179
0.2179
0.2179
0.2179
0.2179
0.2179
0.2179
0.2179
0.2179
0.2179
0.2179
0.2179
0.2179
0.2179
0.2179
0.2179
0.2179
0.2179
0.2179
0.2179
0.2179
0.2179
0.2179
0.2179
0.2179
0.2179
0.2179
0.2179
0.2179
0.2179
0.2179
0.2179
0.2179
0.2179
0.2179
0.2179
0.2179
0.2179
0.2179
0.2179
0.2179
0.2179
0.2179
0.2179
0.2179
0.2179
0.2179
0.2179
0.2179
0.2179
0.2179
0.2179
0.2179
0.2179
0.2179
0.2179
0.2179
0.2179
0.2179
0.2179
0.2179
0.2179
0.2179
0.2179
0.2179
0.2179
0.2179
0.2179
0.2179
0.2179
0.2179
0.2179
0.2179
0.2179
0.2179
0.2179
0.2179
0.2179
0.2179
0.2179
0.2179
0.2179
0.2179
0.2179
0.2179
0.2179
0.2179
0.2179
0.2179
0.2179
0.2179
0.2179
0.2179
0.2179
0.2179
0.2179
0.2179
0.2179
0.2179
0.2179
0.2179
0.2179
0.2179
0.2179
0.2179
0.2179
0.2179
0.2179
0.2179
0.2179
0.2179
0.2179
0.2179
0.2179
0.2179
0.2179
0.2179
0.2179
0.2179
0.2179
0.2179
0.2179
0.2179
0.2179
0.2179
0.2179
0.2179
0.2179
0.2179
0.2179
0.2179
0.2179
0.2179
0.2179
0.2179
0.2179
0.2179
0.2179
0.2179
0.2179
0.2179
0.2179
0.2179
0.2179
0.2179
0.2179
0.2179
0.2179
0.2179
0.2179
0.2179
0.2179
0.2179
0.2179
0.2179
0.2179
0.2179
0.2179
0.2179
0.2179
0.2179
0.2179
0.2179
0.2179
0.2179
0.2179
0.2179
0.2179
0.2179
0.2179
0.2179
0.2179
0.2179
0.2179
0.2179
0.2179
0.2179
0.2179
0.2179
0.2179
0.2179
0.2179
0.2179
0.2179
0.2179
0.2179
0.2179
0.2179
0.2179
0.2179
0.2179
0.2179
0.2179
0.2179
0.2179
0.2179
0.2179
0.2179
0.2179
0.2179
0.2179
0.2178
0.2178
0.2178
0.2178
0.2178
0.2178
0.2178
0.2178
0.2178
0.2178
0.2178
0.2178
0.2178
0.2178
0.2178
0.2178
0.2178
0.2178
0.2178
0.2178
0.2178
0.2178
0.2178
0.2178
0.2178
0.2178
0.2178
0.2178
0.2178
0.2178
0.2178
0.2178
0.2178
0.2178
0.2178
0.2178
0.2178
0.2178
0.2178
0.2178
0.2178
0.2178
0.2178
0.2178
0.2178
0.2178
0.2178
0.2178
0.2178
0.2178
0.2178
0.2178
0.2178
0.2178
0.2178
0.2178
0.2178
0.2178
0.2178
0.2178
0.2178
0.2178
0.2178
0.2178
0.2178
0.2178
0.2178
0.2178
0.2178
0.2178
0.2178
0.2178
0.2178
0.2178
0.2178
0.2178
0.2178
0.2178
0.2178
0.2178
0.2178
0.2178
0.2178
0.2178
0.2178
0.2178
0.2178
0.2178
0.2178
0.2178
0.2178
0.2178
0.2178
0.2178
0.2178
0.2178
0.2178
0.2178
0.2178
0.2178
0.2178
0.2178
0.2178
0.2178
0.2178
0.2178
0.2178
0.2178
0.2178
0.2178
0.2178
0.2178
0.2178
0.2178
0.2178
0.2178
0.2178
0.2178
0.2178
0.2178
0.2178
0.2178
0.2178
0.2178
0.2178
0.2178
0.2178
0.2178
0.2178
0.2178
0.2178
0.2178
0.2178
0.2178
0.2178
0.2178
0.2178
0.2178
0.2178
0.2178
0.2178
0.2178
0.2178
0.2178
0.2178
0.2178
0.2178
0.2178
0.2178
0.2178
0.2178
0.2178
0.2178
0.2178
0.2178
0.2178
0.2178
0.2178
0.2178
0.2178
0.2178
0.2178
0.2178
0.2178
0.2178
0.2178
0.2178
0.2178
0.2178
0.2178
0.2178
0.2178
0.2178
0.2178
0.2178
0.2178
0.2178
0.2178
0.2178
0.2178
0.2178
0.2178
0.2178
0.2178
0.2178
0.2178
0.2178
0.2178
0.2178
0.2178
0.2178
0.2178
0.2178
0.2178
0.2178
0.2178
0.2178
0.2178
0.2178
0.2178
0.2178
0.2178
0.2178
0.2178
0.2178
0.2178
0.2178
0.2178
0.2178
0.2178
0.2178
0.2178
0.2178
0.2178
0.2178
0.2178
0.2178
0.2178
0.2178
0.2178
0.2178
0.2178
0.2178
0.2178
0.2178
0.2178
0.2178
0.2178
0.2178
0.2178
0.2178
0.2178
0.2178
0.2178
0.2178
0.2178
0.2178
0.2178
0.2178
0.2178
0.2178
0.2178
0.2178
0.2178
0.2178
0.2178
0.2178
0.2178
0.2178
0.2178
0.2178
0.2178
0.2178
0.2178
0.2178
0.2178
0.2178
0.2178
0.2178
0.2178
0.2178
0.2178
0.2178
0.2178
0.2178
0.2178
0.2178
0.2178
0.2178
0.2178
0.2178
0.2178
0.2178
0.2178
0.2178
0.2178
0.2178
0.2178
0.2178
0.2178
0.2178
0.2178
0.2178
0.2178
0.2178
0.2178
0.2178
0.2178
0.2178
0.2178
0.2178
0.2178
0.2178
0.2178
0.2178
0.2178
0.2178
0.2178
0.2178
0.2178
0.2178
0.2178
0.2178
0.2178
0.2178
0.2178
0.2178
0.2178
0.2178
0.2178
0.2178
0.2178
0.2178
0.2178
0.2178
0.2178
0.2178
0.2178
0.2178
0.2178
0.2178
0.2178
0.2178
0.2178
0.2178
0.2178
0.2178
0.2178
0.2178
0.2178
0.2178
0.2178
0.2178
0.2178
0.2178
0.2178
0.2178
0.2178
0.2178
0.2178
0.2178
0.2178
0.2178
0.2178
0.2178
0.2178
0.2178
0.2178
0.2178
0.2178
0.2178
0.2178
0.2178
0.2178
0.2178
0.2178
0.2178
0.2178
0.2178
0.2178
0.2178
0.2178
0.2178
0.2178
0.2178
0.2178
0.2178
0.2178
0.2178
0.2178
0.2178
0.2178
0.2178
0.2178
0.2178
0.2178
0.2178
0.2178
0.2178
0.2178
0.2178
0.2178
0.2178
0.2178
0.2178
0.2178
0.2178
0.2178
0.2178
0.2178
0.2178
0.2178
0.2178
0.2178
0.2178
0.2178
0.2178
0.2178
0.2178
0.2178
0.2178
0.2178
0.2178
0.2178
0.2178
0.2178
0.2178
0.2178
0.2178
0.2178
0.2178
0.2178
0.2178
0.2178
0.2178
0.2178
0.2178
0.2178
0.2178
0.2178
0.2178
0.2178
0.2178
0.2178
0.2178
0.2178
0.2178
0.2178
0.2178
0.2178
0.2178
0.2178
0.2178
0.2178
0.2178
0.2178
0.2178
0.2178
0.2178
0.2178
0.2178
0.2178
0.2178
0.2178
0.2178
0.2178
0.2178
0.2178
0.2178
0.2178
0.2178
0.2178
0.2178
0.2178
0.2178
0.2178
0.2178
0.2178
0.2178
0.2178
0.2178
0.2178
0.2178
0.2178
0.2178
0.2178
0.2178
0.2178
0.2178
0.2178
0.2178
0.2178
0.2178
0.2178
0.2178
0.2178
0.2178
0.2178
0.2178
0.2178
0.2178
0.2178
0.2178
0.2178
0.2178
0.2178
0.2178
0.2178
0.2178
0.2178
0.2178
0.2178
0.2178
0.2178
0.2178
0.2178
0.2178
0.2178
0.2178
0.2178
0.2178
0.2178
0.2178
0.2178
0.2178
0.2178
0.2178
0.2178
0.2178
0.2178
0.2178
0.2178
0.2178
0.2178
0.2178
0.2178
0.2178
0.2178
0.2178
0.2178
0.2178
0.2178
0.2178
0.2178
0.2178
0.2178
0.2178
0.2178
0.2178
0.2178
0.2178
0.2178
0.2178
0.2178
0.2178
0.2178
0.2178
0.2178
0.2178
0.2178
0.2178
0.2178
0.2178
0.2178
0.2178
0.2178
0.2178
0.2178
0.2178
0.2178
0.2178
0.2178
0.2178
0.2178
0.2178
0.2178
0.2178
0.2178
0.2178
0.2178
0.2178
0.2178
0.2178
0.2178
0.2178
0.2178
0.2178
0.2178
0.2178
0.2178
0.2178
0.2178
0.2178
0.2178
0.2178
0.2178
0.2178
0.2178
0.2178
0.2178
0.2178
0.2178
0.2178
0.2178
0.2178
0.2178
0.2178
0.2178
0.2178
0.2178
0.2178
0.2178
0.2178
0.2178
0.2178
0.2178
0.2178
0.2178
0.2178
0.2178
0.2178
0.2178
0.2178
0.2178
0.2178
0.2178
0.2178
0.2178
0.2178
0.2178
0.2178
0.2178
0.2178
0.2178
0.2178
0.2178
0.2178
0.2178
0.2178
0.2178
0.2178
0.2178
0.2178
0.2178
0.2178
0.2178
0.2178
0.2178
0.2178
0.2178
0.2178
0.2178
0.2178
0.2178
0.2178
0.2178
0.2178
0.2178
0.2178
0.2178
0.2178
0.2178
0.2178
0.2178
0.2178
0.2178
0.2178
0.2178
0.2178
0.2178
0.2178
0.2178
0.2178
0.2178
0.2178
0.2178
0.2178
0.2178
0.2178
0.2178
0.2178
0.2178
0.2178
0.2178
0.2178
0.2178
0.2178
0.2178
0.2178
0.2178
0.2178
0.2178
0.2178
0.2178
0.2178
0.2178
0.2178
0.2178
0.2178
0.2178
0.2178
0.2178
0.2178
0.2178
0.2178
0.2178
0.2178
0.2178
0.2178
0.2178
0.2178
0.2178
0.2178
0.2178
0.2178
0.2178
0.2178
0.2178
0.2178
0.2178
0.2178
0.2178
0.2178
0.2178
0.2178
0.2178
0.2178
0.2178
0.2178
0.2178
0.2178
0.2178
0.2178
0.2178
0.2178
0.2178
0.2178
0.2178
0.2178
0.2178
0.2178
0.2178
0.2178
0.2178
0.2178
0.2178
0.2178
0.2178
0.2178
0.2178
0.2178
0.2178
0.2178
0.2178
0.2178
0.2178
0.2178
0.2178
0.2178
0.2178
0.2178
0.2178
0.2178
0.2178
0.2178
0.2178
0.2178
0.2178
0.2178
0.2178
0.2178
0.2178
0.2178
0.2178
0.2178
0.2178
0.2178
0.2178
0.2178
0.2178
0.2178
0.2178
0.2178
0.2178
0.2178
0.2178
0.2178
0.2178
0.2178
0.2178
0.2178
0.2178
0.2178
0.2178
0.2178
0.2178
0.2178
0.2178
0.2178
0.2178
0.2178
0.2178
0.2178
0.2178
0.2178
0.2178
0.2178
0.2178
0.2178
0.2178
0.2178
0.2178
0.2178
0.2178
0.2178
0.2178
0.2178
0.2178
0.2178
0.2178
0.2178
0.2178
0.2178
0.2178
0.2178
0.2178
0.2178
0.2178
0.2178
0.2178
0.2178
0.2178
0.2178
0.2178
0.2178
0.2178
0.2178
0.2178
0.2178
0.2178
0.2178
0.2178
0.2178
0.2178
0.2178
0.2178
0.2178
0.2178
0.2178
0.2178
0.2178
0.2178
0.2178
0.2178
0.2178
0.2178
0.2178
0.2178
0.2178
0.2178
0.2178
0.2178
0.2178
0.2178
0.2178
0.2178
0.2178
0.2178
0.2178
0.2178
0.2178
0.2178
0.2178
0.2178
0.2178
0.2178
0.2178
0.2178
0.2178
0.2178
0.2178
0.2178
0.2178
0.2178
0.2178
0.2178
0.2178
0.2178
0.2178
0.2178
0.2178
0.2178
0.2178
0.2178
0.2178
0.2178
0.2178
0.2178
0.2178
0.2178
0.2178
0.2178
0.2178
0.2178
0.2178
0.2178
0.2178
0.2178
0.2178
0.2178
0.2178
0.2178
0.2178
0.2178
0.2178
0.2178
0.2178
0.2178
0.2178
0.2178
0.2178
0.2178
0.2178
0.2178
0.2178
0.2178
0.2178
0.2178
0.2178
0.2178
0.2178
0.2178
0.2178
0.2178
0.2178
0.2178
0.2178
0.2178
0.2178
0.2178
0.2178
0.2178
0.2178
0.2178
0.2178
0.2178
0.2178
0.2178
0.2178
0.2178
0.2178
0.2178
0.2178
0.2178
0.2178
0.2178
0.2178
0.2178
0.2178
0.2178
0.2178
0.2178
0.2178
0.2178
0.2178
0.2178
0.2178
0.2178
0.2178
0.2178
0.2178
0.2178
0.2178
0.2178
0.2178
0.2178
0.2178
0.2178
0.2178
0.2178
0.2178
0.2178
0.2178
0.2178
0.2178
0.2178
0.2178
0.2178
0.2178
0.2178
0.2178
0.2178
0.2178
0.2178
0.2178
0.2178
0.2178
0.2178
0.2178
0.2178
0.2178
0.2178
0.2178
0.2178
0.2178
0.2178
0.2178
0.2178
0.2178
0.2178
0.2178
0.2178
0.2178
0.2178
0.2178
0.2178
0.2178
0.2178
0.2178
0.2178
0.2178
0.2178
0.2178
0.2178
0.2178
0.2178
0.2178
0.2178
0.2178
0.2178
0.2178
0.2178
0.2178
0.2178
0.2178
0.2178
0.2178
0.2178
0.2178
0.2178
0.2178
0.2178
0.2178
0.2178
0.2178
0.2178
0.2178
0.2178
0.2178
0.2178
0.2178
0.2178
0.2178
0.2178
0.2178
0.2178
0.2178
0.2178
0.2178
0.2178
0.2178
0.2178
0.2178
0.2178
0.2178
0.2178
0.2178
0.2178
0.2178
0.2178
0.2178
0.2178
0.2178
0.2178
0.2178
0.2178
0.2178
0.2178
0.2178
0.2178
0.2178
0.2178
0.2178
0.2178
0.2178
0.2178
0.2178
0.2178
0.2178
0.2178
0.2178
0.2178
0.2178
0.2178
0.2178
0.2178
0.2178
0.2178
0.2178
0.2178
0.2178
0.2178
0.2178
0.2178
0.2178
0.2178
0.2178
0.2178
0.2178
0.2178
0.2178
0.2178
0.2178
0.2178
0.2178
0.2178
0.2178
0.2178
0.2178
0.2178
0.2178
0.2178
0.2178
0.2178
0.2178
0.2178
0.2178
0.2178
0.2178
0.2178
0.2178
0.2178
0.2178
0.2178
0.2178
0.2178
0.2178
0.2178
0.2178
0.2178
0.2178
0.2178
0.2178
0.2178
0.2178
0.2178
0.2178
0.2178
0.2178
0.2178
0.2178
0.2178
0.2178
0.2178
0.2178
0.2178
0.2178
0.2178
0.2178
0.2178
0.2178
0.2178
0.2178
0.2178
0.2178
0.2178
0.2178
0.2178
0.2178
0.2178
0.2178
0.2178
0.2178
0.2178
0.2178
0.2178
0.2178
0.2178
0.2178
0.2178
0.2178
0.2178
0.2178
0.2178
0.2178
0.2178
0.2178
0.2178
0.2178
0.2178
0.2178
0.2178
0.2178
0.2178
0.2178
0.2178
0.2178
0.2178
0.2178
0.2178
0.2178
0.2178
0.2178
0.2178
0.2178
0.2178
0.2178
0.2178
0.2178
0.2178
0.2178
0.2178
0.2178
0.2178
0.2178
0.2178
0.2178
0.2178
0.2178
0.2178
0.2178
0.2178
0.2178
0.2178
0.2178
0.2178
0.2178
0.2178
0.2178
0.2178
0.2178
0.2178
0.2178
0.2178
0.2178
0.2178
0.2178
0.2178
0.2178
0.2178
0.2178
0.2178
0.2178
0.2178
0.2178
0.2178
0.2178
0.2178
0.2178
0.2178
0.2178
0.2178
0.2178
0.2178
0.2178
0.2178
0.2178
0.2178
0.2178
0.2178
0.2178
0.2178
0.2178
0.2178
0.2178
0.2178
0.2178
0.2178
0.2178
0.2178
0.2178
0.2178
0.2178
0.2178
0.2178
0.2178
0.2178
0.2178
0.2178
0.2178
0.2178
0.2178
0.2178
0.2178
0.2178
0.2178
0.2178
0.2178
0.2178
0.2178
0.2178
0.2178
0.2178
0.2178
0.2178
0.2178
0.2178
0.2178
0.2178
0.2178
0.2178
0.2178
0.2178
0.2178
0.2178
0.2178
0.2178
0.2178
0.2178
0.2178
0.2178
0.2178
0.2178
0.2178
0.2178
0.2178
0.2178
0.2178
0.2178
0.2178
0.2178
0.2178
0.2178
0.2178
0.2178
0.2178
0.2178
0.2178
0.2178
0.2178
0.2178
0.2178
0.2178
0.2178
0.2178
0.2178
0.2178
0.2178
0.2178
0.2178
0.2178
0.2178
0.2178
0.2178
0.2178
0.2178
0.2178
0.2178
0.2178
0.2178
0.2178
0.2178
0.2178
0.2178
0.2178
0.2178
0.2178
0.2178
0.2178
0.2178
0.2178
0.2178
0.2178
0.2178
0.2178
0.2178
0.2178
0.2178
0.2178
0.2178
0.2178
0.2178
0.2178
0.2178
0.2178
0.2178
0.2178
0.2178
0.2178
0.2178
0.2178
0.2178
0.2178
0.2178
0.2178
0.2178
0.2178
0.2178
0.2178
0.2178
0.2178
0.2178
0.2178
0.2178
0.2178
0.2178
0.2178
0.2178
0.2178
0.2178
0.2178
0.2178
0.2178
0.2178
0.2178
0.2178
0.2178
0.2178
0.2178
0.2178
0.2178
0.2178
0.2178
0.2178
0.2178
0.2178
0.2178
0.2178
0.2178
0.2178
0.2178
0.2178
0.2178
0.2178
0.2178
0.2178
0.2178
0.2178
0.2178
0.2178
0.2178
0.2178
0.2178
0.2178
0.2178
0.2178
0.2178
0.2178
0.2178
0.2178
0.2178
0.2178
0.2178
0.2178
0.2178
0.2178
0.2178
0.2178
0.2178
0.2178
0.2178
0.2178
0.2178
0.2178
0.2178
0.2178
0.2178
0.2178
0.2178
0.2178
0.2178
0.2178
0.2178
0.2178
0.2178
0.2178
0.2178
0.2178
0.2178
0.2178
0.2178
0.2178
0.2178
0.2178
0.2178
0.2178
0.2178
0.2178
0.2178
0.2178
0.2178
0.2178
0.2178
0.2178
0.2178
0.2178
0.2178
0.2178
0.2178
0.2178
0.2178
0.2178
0.2178
0.2178
0.2178
0.2178
0.2178
0.2178
0.2178
0.2178
0.2178
0.2178
0.2178
0.2178
0.2178
0.2178
0.2178
0.2178
0.2178
0.2178
0.2178
0.2178
0.2178
0.2178
0.2178
0.2178
0.2178
0.2178
0.2178
0.2178
0.2178
0.2178
0.2178
0.2178
0.2178
0.2178
0.2178
0.2178
0.2178
0.2178
0.2178
0.2178
0.2178
0.2178
0.2178
0.2178
0.2178
0.2178
0.2178
0.2178
0.2178
0.2178
0.2178
0.2178
0.2178
0.2178
0.2178
0.2178
0.2178
0.2178
0.2178
0.2178
0.2178
0.2178
0.2178
0.2178
0.2178
0.2178
0.2178
0.2178
0.2178
0.2178
0.2178
0.2178
0.2178
0.2178
0.2178
0.2178
0.2178
0.2178
0.2178
0.2178
0.2178
0.2178
0.2178
0.2178
0.2178
0.2178
0.2178
0.2178
0.2178
0.2178
0.2178
0.2178
0.2178
0.2178
0.2178
0.2178
0.2178
0.2178
0.2178
0.2178
0.2178
0.2178
0.2178
0.2178
0.2178
0.2178
0.2178
0.2178
0.2178
0.2178
0.2178
0.2178
0.2178
0.2178
0.2178
0.2178
0.2178
0.2178
0.2178
0.2178
0.2178
0.2178
0.2178
0.2178
0.2178
0.2178
0.2178
0.2178
0.2178
0.2178
0.2178
0.2178
0.2178
0.2178
0.2178
0.2178
0.2178
0.2178
0.2178
0.2178
0.2178
0.2178
0.2178
0.2178
0.2178
0.2178
0.2178
0.2178
0.2178
0.2178
0.2178
0.2178
0.2178
0.2178
0.2178
0.2178
0.2178
0.2178
0.2178
0.2178
0.2178
0.2178
0.2178
0.2178
0.2178
0.2178
0.2178
0.2178
0.2178
0.2178
0.2178
0.2178
0.2178
0.2178
0.2178
0.2178
0.2178
0.2178
0.2178
0.2178
0.2178
0.2178
0.2178
0.2178
0.2178
0.2178
0.2178
0.2178
0.2178
0.2178
0.2178
0.2178
0.2178
0.2178
0.2178
0.2178
0.2178
0.2178
0.2178
0.2178
0.2178
0.2178
0.2178
0.2178
0.2178
0.2178
0.2178
0.2178
0.2178
0.2178
0.2178
0.2178
0.2178
0.2178
0.2178
0.2178
0.2178
0.2178
0.2178
0.2178
0.2178
0.2178
0.2178
0.2178
0.2178
0.2178
0.2178
0.2178
0.2178
0.2178
0.2178
0.2178
0.2178
0.2178
0.2178
0.2178
0.2178
0.2178
0.2178
0.2178
0.2178
0.2178
0.2178
0.2178
0.2178
0.2178
0.2178
0.2178
0.2178
0.2178
0.2178
0.2178
0.2178
0.2178
0.2178
0.2178
0.2178
0.2178
0.2178
0.2178
0.2178
0.2178
0.2178
0.2178
0.2178
0.2178
0.2178
0.2178
0.2178
0.2178
0.2178
0.2178
0.2178
0.2178
0.2178
0.2178
0.2178
0.2178
0.2178
0.2178
0.2178
0.2178
0.2178
0.2178
0.2178
0.2178
0.2178
0.2178
0.2178
0.2178
0.2178
0.2178
0.2178
0.2178
0.2178
0.2178
0.2178
0.2178
0.2178
0.2178
0.2178
0.2178
0.2178
0.2178
0.2178
0.2178
0.2178
0.2178
0.2178
0.2178
0.2178
0.2178
0.2178
0.2178
0.2178
0.2178
0.2178
0.2178
0.2178
0.2178
0.2178
0.2178
0.2178
0.2178
0.2178
0.2178
0.2178
0.2178
0.2178
0.2178
0.2178
0.2178
0.2178
0.2178
0.2178
0.2178
0.2178
0.2178
0.2178
0.2178
0.2178
0.2178
0.2178
0.2178
0.2178
0.2178
0.2178
0.2178
0.2178
0.2178
0.2178
0.2178
0.2178
0.2178
0.2178
0.2178
0.2178
0.2178
0.2178
0.2178
0.2178
0.2178
0.2178
0.2178
0.2178
0.2178
0.2178
0.2178
0.2178
0.2178
0.2178
0.2178
0.2178
0.2178
0.2178
0.2178
0.2178
0.2178
0.2178
0.2178
0.2178
0.2178
0.2178
0.2178
0.2178
0.2178
0.2178
0.2178
0.2178
0.2178
0.2178
0.2178
0.2178
0.2178
0.2178
0.2178
0.2178
0.2178
0.2178
0.2178
0.2178
0.2178
0.2178
0.2178
0.2178
0.2178
0.2178
0.2178
0.2178
0.2178
0.2178
0.2178
0.2178
0.2178
0.2178
0.2178
0.2178
0.2178
0.2178
0.2178
0.2178
0.2178
0.2178
0.2178
0.2178
0.2178
0.2178
0.2178
0.2178
0.2178
0.2178
0.2178
0.2178
0.2178
0.2178
0.2178
0.2178
0.2178
0.2178
0.2178
0.2178
0.2178
0.2178
0.2178
0.2178
0.2178
0.2178
0.2178
0.2178
0.2178
0.2178
0.2178
0.2178
0.2178
0.2178
0.2178
0.2178
0.2178
0.2178
0.2178
0.2178
0.2178
0.2178
0.2178
0.2178
0.2178
0.2178
0.2178
0.2178
0.2178
0.2178
0.2178
0.2178
0.2178
0.2178
0.2178
0.2178
0.2178
0.2178
0.2178
0.2178
0.2178
0.2178
0.2178
0.2178
0.2178
0.2178
0.2178
0.2178
0.2178
0.2178
0.2178
0.2178
0.2178
0.2178
0.2178
0.2178
0.2178
0.2178
0.2178
0.2178
0.2178
0.2178
0.2178
0.2178
0.2178
0.2178
0.2178
0.2178
0.2178
0.2178
0.2178
0.2178
0.2178
0.2178
0.2178
0.2178
0.2178
0.2178
0.2178
0.2178
0.2178
0.2178
0.2178
0.2178
0.2178
0.2178
0.2178
0.2178
0.2178
0.2178
0.2178
0.2178
0.2178
0.2178
0.2178
0.2178
0.2178
0.2178
0.2178
0.2178
0.2178
0.2178
0.2178
0.2178
0.2178
0.2178
0.2178
0.2178
0.2178
0.2178
0.2178
0.2178
0.2178
0.2178
0.2178
0.2178
0.2178
0.2178
0.2178
0.2178
0.2178
0.2178
0.2178
0.2178
0.2178
0.2178
0.2178
0.2178
0.2178
0.2178
0.2178
0.2178
0.2178
0.2178
0.2178
0.2178
0.2178
0.2178
0.2178
0.2178
0.2178
0.2178
0.2178
0.2178
0.2178
0.2178
0.2178
0.2178
0.2178
0.2178
0.2178
0.2178
0.2178
0.2178
0.2178
0.2178
0.2178
0.2178
0.2178
0.2178
0.2178
0.2178
0.2178
0.2178
0.2178
0.2178
0.2178
0.2178
0.2178
0.2178
0.2178
0.2178
0.2178
0.2178
0.2178
0.2178
0.2178
0.2178
0.2178
0.2178
0.2178
0.2178
0.2178
0.2178
0.2178
0.2178
0.2178
0.2178
0.2178
0.2178
0.2178
0.2178
0.2178
0.2178
0.2178
0.2178
0.2178
0.2178
0.2178
0.2178
0.2178
0.2178
0.2178
0.2178
0.2178
0.2178
0.2178
0.2178
0.2178
0.2178
0.2178
0.2178
0.2178
0.2178
0.2178
0.2178
0.2178
0.2178
0.2178
0.2178
0.2178
0.2178
0.2178
0.2178
0.2178
0.2178
0.2178
0.2178
0.2178
0.2178
0.2178
0.2178
0.2178
0.2178
0.2178
0.2178
0.2178
0.2178
0.2178
0.2178
0.2178
0.2178
0.2178
0.2178
0.2178
0.2178
0.2178
0.2178
0.2178
0.2178
0.2178
0.2178
0.2178
0.2178
0.2178
0.2178
0.2178
0.2178
0.2178
0.2178
0.2178
0.2178
0.2178
0.2178
0.2178
0.2178
0.2178
0.2178
0.2178
0.2178
0.2178
0.2178
0.2178
0.2178
0.2178
0.2178
0.2178
0.2178
0.2178
0.2178
0.2178
0.2178
0.2178
0.2178
0.2178
0.2178
0.2178
0.2178
0.2178
0.2178
0.2178
0.2178
0.2178
0.2178
0.2178
0.2178
0.2178
0.2178
0.2178
0.2178
0.2178
0.2178
0.2178
0.2178
0.2178
0.2178
0.2178
0.2178
0.2178
0.2178
0.2178
0.2178
0.2178
0.2178
0.2178
0.2178
0.2178
0.2178
0.2178
0.2178
0.2178
0.2178
0.2178
0.2178
0.2178
0.2178
0.2178
0.2178
0.2178
0.2178
0.2178
0.2178
0.2178
0.2178
0.2178
0.2178
0.2178
0.2178
0.2178
0.2178
0.2178
0.2178
0.2178
0.2178
0.2178
0.2178
0.2178
0.2178
0.2178
0.2178
0.2178
0.2178
0.2178
0.2178
0.2178
0.2178
0.2178
0.2178
0.2178
0.2178
0.2178
0.2178
0.2178
0.2178
0.2178
0.2178
0.2178
0.2178
0.2178
0.2178
0.2178
0.2178
0.2178
0.2178
0.2178
0.2178
0.2178
0.2178
0.2178
0.2178
0.2178
0.2178
0.2178
0.2178
0.2178
0.2178
0.2178
0.2178
0.2178
0.2178
0.2178
0.2178
0.2178
0.2178
0.2178
0.2178
0.2178
0.2178
0.2178
0.2178
0.2178
0.2178
0.2178
0.2178
0.2178
0.2178
0.2178
0.2178
0.2178
0.2178
0.2178
0.2178
0.2178
0.2178
0.2178
0.2178
0.2178
0.2178
0.2178
0.2178
0.2178
0.2178
0.2178
0.2178
0.2178
0.2178
0.2178
0.2178
0.2178
0.2178
0.2178
0.2178
0.2178
0.2178
0.2178
0.2178
0.2178
0.2178
0.2178
0.2178
0.2178
0.2178
0.2178
0.2178
0.2178
0.2178
0.2178
0.2178
0.2178
0.2178
0.2178
0.2178
0.2178
0.2178
0.2178
0.2178
0.2178
0.2178
0.2178
0.2178
0.2178
0.2178
0.2178
0.2178
0.2178
0.2178
0.2178
0.2178
0.2178
0.2178
0.2178
0.2178
0.2178
0.2178
0.2178
0.2178
0.2178
0.2178
0.2178
0.2178
0.2178
0.2178
0.2178
0.2178
0.2178
0.2178
0.2178
0.2178
0.2178
0.2178
0.2178
0.2178
0.2178
0.2178
0.2178
0.2178
0.2178
0.2178
0.2178
0.2178
0.2178
0.2178
0.2178
0.2178
0.2178
0.2178
0.2178
0.2178
0.2178
0.2178
0.2178
0.2178
0.2178
0.2178
0.2178
0.2178
0.2178
0.2178
0.2178
0.2178
0.2178
0.2178
0.2178
0.2178
0.2178
0.2178
0.2178
0.2178
0.2178
0.2178
0.2178
0.2178
0.2178
0.2178
0.2178
0.2178
0.2178
0.2178
0.2178
0.2178
0.2178
0.2178
0.2178
0.2178
0.2178
0.2178
0.2178
0.2178
0.2178
0.2178
0.2178
0.2178
0.2178
0.2178
0.2178
0.2178
0.2178
0.2178
0.2178
0.2178
0.2178
0.2178
0.2178
0.2178
0.2178
0.2178
0.2178
0.2178
0.2178
0.2178
0.2178
0.2178
0.2178
0.2178
0.2178
0.2178
0.2178
0.2178
0.2178
0.2178
0.2178
0.2178
0.2178
0.2178
0.2178
0.2178
0.2178
0.2178
0.2178
0.2178
0.2178
0.2178
0.2178
0.2178
0.2178
0.2178
0.2178
0.2178
0.2178
0.2178
0.2178
0.2178
0.2178
0.2178
0.2178
0.2178
0.2178
0.2178
0.2178
0.2178
0.2178
0.2178
0.2178
0.2178
0.2178
0.2178
0.2178
0.2178
0.2178
0.2178
0.2178
0.2178
0.2178
0.2178
0.2178
0.2178
0.2178
0.2178
0.2178
0.2178
0.2178
0.2178
0.2178
0.2178
0.2178
0.2178
0.2178
0.2178
0.2178
0.2178
0.2178
0.2178
0.2178
0.2178
0.2178
0.2178
0.2178
0.2178
0.2178
0.2178
0.2178
0.2178
0.2178
0.2178
0.2178
0.2178
0.2178
0.2178
0.2178
0.2178
0.2178
0.2178
0.2178
0.2178
0.2178
0.2178
0.2178
0.2178
0.2178
0.2178
0.2178
0.2178
0.2178
0.2178
0.2178
0.2178
0.2178
0.2178
0.2178
0.2178
0.2178
0.2178
0.2178
0.2178
0.2178
0.2178
0.2178
0.2178
0.2178
0.2178
0.2178
0.2178
0.2178
0.2178
0.2178
0.2178
0.2178
0.2178
0.2178
0.2178
0.2178
0.2178
0.2178
0.2178
0.2178
0.2178
0.2178
0.2178
0.2178
0.2178
0.2178
0.2178
0.2178
0.2178
0.2178
0.2178
0.2178
0.2178
0.2178
0.2178
0.2178
0.2178
0.2178
0.2178
0.2178
0.2178
0.2178
0.2178
0.2178
0.2178
0.2178
0.2178
0.2178
0.2178
0.2178
0.2178
0.2178
0.2178
0.2178
0.2178
0.2178
0.2178
0.2178
0.2178
0.2178
0.2178
0.2178
0.2178
0.2178
0.2178
0.2178
0.2178
0.2178
0.2178
0.2178
0.2178
0.2178
0.2178
0.2178
0.2178
0.2178
0.2178
0.2178
0.2178
0.2178
0.2178
0.2178
0.2178
0.2178
0.2178
0.2178
0.2178
0.2178
0.2178
0.2178
0.2178
0.2178
0.2178
0.2178
0.2178
0.2178
0.2178
0.2178
0.2178
0.2178
0.2178
0.2178
0.2178
0.2178
0.2178
0.2178
0.2178
0.2178
0.2178
0.2178
0.2178
0.2178
0.2178
0.2178
0.2178
0.2178
0.2178
0.2178
0.2178
0.2178
0.2178
0.2178
0.2178
0.2178
0.2178
0.2178
0.2178
0.2178
0.2178
0.2178
0.2178
0.2178
0.2178
0.2178
0.2178
0.2178
0.2178
0.2178
0.2178
0.2178
0.2178
0.2178
0.2178
0.2178
0.2178
0.2178
0.2178
0.2178
0.2178
0.2178
0.2178
0.2178
0.2178
0.2178
0.2178
0.2178
0.2178
0.2178
0.2178
0.2178
0.2178
0.2178
0.2178
0.2178
0.2178
0.2178
0.2178
0.2178
0.2178
0.2178
0.2178
0.2178
0.2178
0.2178
0.2178
0.2178
0.2178
0.2178
0.2178
0.2178
0.2178
0.2178
0.2178
0.2178
0.2178
0.2178
0.2178
0.2178
0.2178
0.2178
0.2178
0.2178
0.2178
0.2178
0.2178
0.2178
0.2178
0.2178
0.2178
0.2178
0.2178
0.2178
0.2178
0.2178
0.2178
0.2178
0.2178
0.2178
0.2178
0.2178
0.2178
0.2178
0.2178
0.2178
0.2178
0.2178
0.2178
0.2178
0.2178
0.2178
0.2178
0.2178
0.2178
0.2178
0.2178
0.2178
0.2178
0.2178
0.2178
0.2178
0.2178
0.2178
0.2178
0.2178
0.2178
0.2178
0.2178
0.2178
0.2178
0.2178
0.2178
0.2178
0.2178
0.2178
0.2178
0.2178
0.2178
0.2178
0.2178
0.2178
0.2178
0.2178
0.2178
0.2178
0.2178
0.2178
0.2178
0.2178
0.2178
0.2178
0.2178
0.2178
0.2178
0.2178
0.2178
0.2178
0.2178
0.2178
0.2178
0.2178
0.2178
0.2178
0.2178
0.2178
0.2178
0.2178
0.2178
0.2178
0.2178
0.2178
0.2178
0.2178
0.2178
0.2178
0.2178
0.2178
0.2178
0.2178
0.2178
0.2178
0.2178
0.2178
0.2178
0.2178
0.2178
0.2178
0.2178
0.2178
0.2178
0.2178
0.2178
0.2178
0.2178
0.2178
0.2178
0.2178
0.2178
0.2178
0.2178
0.2178
0.2178
0.2178
0.2178
0.2178
0.2178
0.2178
0.2178
0.2178
0.2178
0.2178
0.2178
0.2178
0.2178
0.2178
0.2178
0.2178
0.2178
0.2178
0.2178
0.2178
0.2178
0.2178
0.2178
0.2178
0.2178
0.2178
0.2178
0.2178
0.2178
0.2178
0.2178
0.2178
0.2178
0.2178
0.2178
0.2178
0.2178
0.2178
0.2178
0.2178
0.2178
0.2178
0.2178
0.2178
0.2178
0.2178
0.2178
0.2178
0.2178
0.2178
0.2178
0.2178
0.2178
0.2178
0.2178
0.2178
0.2178
0.2178
0.2178
0.2178
0.2178
0.2178
0.2178
0.2178
0.2178
0.2178
0.2178
0.2178
0.2178
0.2178
0.2178
0.2178
0.2178
0.2178
0.2178
0.2178
0.2178
0.2178
0.2178
0.2178
0.2178
0.2178
0.2178
0.2178
0.2178
0.2178
0.2178
0.2178
0.2178
0.2178
0.2178
0.2178
0.2178
0.2178
0.2178
0.2178
0.2178
0.2178
0.2178
0.2178
0.2178
0.2178
0.2178
0.2178
0.2178
0.2178
0.2178
0.2178
0.2178
0.2178
0.2178
0.2178
0.2178
0.2178
0.2178
0.2178
0.2178
0.2178
0.2178
0.2178
0.2178
0.2178
0.2178
0.2178
0.2178
0.2178
0.2178
0.2178
0.2178
0.2178
0.2178
0.2178
0.2178
0.2178
0.2178
0.2178
0.2178
0.2178
0.2178
0.2178
0.2178
0.2178
0.2178
0.2178
0.2178
0.2178
0.2178
0.2178
0.2178
0.2178
0.2178
0.2178
0.2178
0.2178
0.2178
0.2178
0.2178
0.2178
0.2178
0.2178
0.2178
0.2178
0.2178
0.2178
0.2178
0.2178
0.2178
0.2178
0.2178
0.2178
0.2178
0.2178
0.2178
0.2178
0.2178
0.2178
0.2178
0.2178
0.2178
0.2178
0.2178
0.2178
0.2178
0.2178
0.2178
0.2178
0.2178
0.2178
0.2178
0.2178
0.2178
0.2178
0.2178
0.2178
0.2178
0.2178
0.2178
0.2178
0.2178
0.2178
0.2178
0.2178
0.2178
0.2178
0.2178
0.2178
0.2178
0.2178
0.2178
0.2178
0.2178
0.2178
0.2178
0.2178
0.2178
0.2178
0.2178
0.2178
0.2178
0.2178
0.2178
0.2178
0.2178
0.2178
0.2178
0.2178
0.2178
0.2178
0.2178
0.2178
0.2178
0.2178
0.2178
0.2178
0.2178
0.2178
0.2178
0.2178
0.2178
0.2178
0.2178
0.2178
0.2178
0.2178
0.2178
0.2178
0.2178
0.2178
0.2178
0.2178
0.2178
0.2178
0.2178
0.2178
0.2178
0.2178
0.2178
0.2178
0.2178
0.2178
0.2178
0.2178
0.2178
0.2178
0.2178
0.2178
0.2178
0.2178
0.2178
0.2178
0.2178
0.2178
0.2178
0.2178
0.2178
0.2178
0.2178
0.2178
0.2178
0.2178
0.2178
0.2178
0.2178
0.2178
0.2178
0.2178
0.2178
0.2178
0.2178
0.2178
0.2178
0.2178
0.2178
0.2178
0.2178
0.2178
0.2178
0.2178
0.2178
0.2178
0.2178
0.2178
0.2178
0.2178
0.2178
0.2178
0.2178
0.2178
0.2178
0.2178
0.2178
0.2178
0.2178
0.2178
0.2178
0.2178
0.2178
0.2178
0.2178
0.2178
0.2178
0.2178
0.2178
0.2178
0.2178
0.2178
0.2178
0.2178
0.2178
0.2178
0.2178
0.2178
0.2178
0.2178
0.2178
0.2178
0.2178
0.2178
0.2178
0.2178
0.2178
0.2178
0.2178
0.2178
0.2178
0.2178
0.2178
0.2178
0.2178
0.2178
0.2178
0.2178
0.2178
0.2178
0.2178
0.2178
0.2178
0.2178
0.2178
0.2178
0.2178
0.2178
0.2178
0.2178
0.2178
0.2178
0.2178
0.2178
0.2178
0.2178
0.2178
0.2178
0.2178
0.2178
0.2178
0.2178
0.2178
0.2178
0.2178
0.2178
0.2178
0.2178
0.2178
0.2178
0.2178
0.2178
0.2178
0.2178
0.2178
0.2178
0.2178
0.2178
0.2178
0.2178
0.2178
0.2178
0.2178
0.2178
0.2178
0.2178
0.2178
0.2178
0.2178
0.2178
0.2178
0.2178
0.2178
0.2178
0.2178
0.2178
0.2178
0.2178
0.2178
0.2178
0.2178
0.2178
0.2178
0.2178
0.2178
0.2178
0.2178
0.2178
0.2178
0.2178
0.2178
0.2178
0.2178
0.2178
0.2178
0.2178
0.2178
0.2178
0.2178
0.2178
0.2178
0.2178
0.2178
0.2178
0.2178
0.2178
0.2178
0.2178
0.2178
0.2178
0.2178
0.2178
0.2178
0.2178
0.2178
0.2178
0.2178
0.2178
0.2178
0.2178
0.2178
0.2178
0.2178
0.2178
0.2178
0.2178
0.2178
0.2178
0.2178
0.2178
0.2178
0.2178
0.2178
0.2178
0.2178
0.2178
0.2178
0.2178
0.2178
0.2178
0.2178
0.2178
0.2178
0.2178
0.2178
0.2178
0.2178
0.2178
0.2178
0.2178
0.2178
0.2178
0.2178
0.2178
0.2178
0.2178
0.2178
0.2178
0.2178
0.2178
0.2178
0.2178
0.2178
0.2178
0.2178
0.2178
0.2178
0.2178
0.2178
0.2178
0.2178
0.2178
0.2178
0.2178
0.2178
0.2178
0.2178
0.2178
0.2178
0.2178
0.2178
0.2178
0.2178
0.2178
0.2178
0.2178
0.2178
0.2178
0.2178
0.2178
0.2178
0.2178
0.2178
0.2178
0.2178
0.2178
0.2178
0.2178
0.2178
0.2178
0.2178
0.2178
0.2178
0.2178
0.2178
0.2178
0.2178
0.2178
0.2178
0.2178
0.2178
0.2178
0.2178
0.2178
0.2178
0.2178
0.2178
0.2178
0.2178
0.2178
0.2178
0.2178
0.2178
0.2178
0.2178
0.2178
0.2178
0.2178
0.2178
0.2178
0.2178
0.2178
0.2178
0.2178
0.2178
0.2178
0.2178
0.2178
0.2178
0.2178
0.2178
0.2178
0.2178
0.2178
0.2178
0.2178
0.2178
0.2178
0.2178
0.2178
0.2178
0.2178
0.2178
0.2178
0.2178
0.2178
0.2178
0.2178
0.2178
0.2178
0.2178
0.2178
0.2178
0.2178
0.2178
0.2178
0.2178
0.2178
0.2178
0.2178
0.2178
0.2178
0.2178
0.2178
0.2178
0.2178
0.2178
0.2178
0.2178
0.2178
0.2178
0.2178
0.2178
0.2178
0.2178
0.2178
0.2178
0.2178
0.2178
0.2178
0.2178
0.2178
0.2178
0.2178
0.2178
0.2178
0.2178
0.2178
0.2178
0.2178
0.2178
0.2178
0.2178
0.2178
0.2178
0.2178
0.2178
0.2178
0.2178
0.2178
0.2178
0.2178
0.2178
0.2178
0.2178
0.2178
0.2178
0.2178
0.2178
0.2178
0.2178
0.2178
0.2178
0.2178
0.2178
0.2178
0.2178
0.2178
0.2178
0.2178
0.2178
0.2178
0.2178
0.2178
0.2178
0.2178
0.2178
0.2178
0.2178
0.2178
0.2178
0.2178
0.2178
0.2178
0.2178
0.2178
0.2178
0.2178
0.2178
0.2178
0.2178
0.2178
0.2178
0.2178
0.2178
0.2178
0.2178
0.2178
0.2178
0.2178
0.2178
0.2178
0.2178
0.2178
0.2178
0.2178
0.2178
0.2178
0.2178
0.2178
0.2178
0.2178
0.2178
0.2178
0.2178
0.2178
0.2178
0.2178
0.2178
0.2178
0.2178
0.2178
0.2178
0.2178
0.2178
0.2178
0.2178
0.2178
0.2178
0.2178
0.2178
0.2178
0.2178
0.2178
0.2178
0.2178
0.2178
0.2178
0.2178
0.2178
0.2178
0.2178
0.2178
0.2178
0.2178
0.2178
0.2178
0.2178
0.2178
0.2178
0.2178
0.2178
0.2178
0.2178
0.2178
0.2178
0.2178
0.2178
0.2178
0.2178
0.2178
0.2178
0.2178
0.2178
0.2178
0.2178
0.2178
0.2178
0.2178
0.2178
0.2178
0.2178
0.2178
0.2178
0.2178
0.2178
0.2178
0.2178
0.2178
0.2178
0.2178
0.2178
0.2178
0.2178
0.2178
0.2178
0.2178
0.2178
0.2178
0.2178
0.2178
0.2178
0.2178
0.2178
0.2178
0.2178
0.2178
0.2178
0.2178
0.2178
0.2178
0.2178
0.2178
0.2178
0.2178
0.2178
0.2178
0.2178
0.2178
0.2178
0.2178
0.2178
0.2178
0.2178
0.2178
0.2178
0.2178
0.2178
0.2178
0.2178
0.2178
0.2178
0.2178
0.2178
0.2178
0.2178
0.2178
0.2178
0.2178
0.2178
0.2178
0.2178
0.2178
0.2178
0.2178
0.2178
0.2178
0.2178
0.2178
0.2178
0.2178
0.2178
0.2178
0.2178
0.2178
0.2178
0.2178
0.2178
0.2178
0.2178
0.2178
0.2178
0.2178
0.2178
0.2178
0.2178
0.2178
0.2178
0.2178
0.2178
0.2178
0.2178
0.2178
0.2178
0.2178
0.2178
0.2178
0.2178
0.2178
0.2178
0.2178
0.2178
0.2178
0.2178
0.2178
0.2178
0.2178
0.2178
0.2178
0.2178
0.2178
0.2178
0.2178
0.2178
0.2178
0.2178
0.2178
0.2178
0.2178
0.2178
0.2178
0.2178
0.2178
0.2178
0.2178
0.2178
0.2178
0.2178
0.2178
0.2178
0.2178
0.2178
0.2178
0.2178
0.2178
0.2178
0.2178
0.2178
0.2178
0.2178
0.2178
0.2178
0.2178
0.2178
0.2178
0.2178
0.2178
0.2178
0.2178
0.2178
0.2178
0.2178
0.2178
0.2178
0.2178
0.2178
0.2178
0.2178
0.2178
0.2178
0.2178
0.2178
0.2178
0.2178
0.2178
0.2178
0.2178
0.2178
0.2178
0.2178
0.2178
0.2178
0.2178
0.2178
0.2178
0.2178
0.2178
0.2178
0.2178
0.2178
0.2178
0.2178
0.2178
0.2178
0.2178
0.2178
0.2178
0.2178
0.2178
0.2178
0.2178
0.2178
0.2178
0.2178
0.2178
0.2178
0.2178
0.2178
0.2178
0.2178
0.2178
0.2178
0.2178
0.2178
0.2178
0.2178
0.2178
0.2178
0.2178
0.2178
0.2178
0.2178
0.2178
0.2178
0.2178
0.2178
0.2178
0.2178
0.2178
0.2178
0.2178
0.2178
0.2178
0.2178
0.2178
0.2178
0.2178
0.2178
0.2178
0.2178
0.2178
0.2178
0.2178
0.2178
0.2178
0.2178
0.2178
0.2178
0.2178
0.2178
0.2178
0.2178
0.2178
0.2178
0.2178
0.2178
0.2178
0.2178
0.2178
0.2178
0.2178
0.2178
0.2178
0.2178
0.2178
0.2178
0.2178
0.2178
0.2178
0.2178
0.2178
0.2178
0.2178
0.2178
0.2178
0.2178
0.2178
0.2178
0.2178
0.2178
0.2178
0.2178
0.2178
0.2178
0.2178
0.2178
0.2178
0.2178
0.2178
0.2178
0.2178
0.2178
0.2178
0.2178
0.2178
0.2178
0.2178
0.2178
0.2178
0.2178
0.2178
0.2178
0.2178
0.2178
0.2178
0.2178
0.2178
0.2178
0.2178
0.2178
0.2178
0.2178
0.2178
0.2178
0.2178
0.2178
0.2178
0.2178
0.2178
0.2178
0.2178
0.2178
0.2178
0.2178
0.2178
0.2178
0.2178
0.2178
0.2178
0.2178
0.2178
0.2178
0.2178
0.2178
0.2178
0.2178
0.2178
0.2178
0.2178
0.2178
0.2178
0.2178
0.2178
0.2178
0.2178
0.2178
0.2178
0.2178
0.2178
0.2178
0.2178
0.2178
0.2178
0.2178
0.2178
0.2178
0.2178
0.2178
0.2178
0.2178
0.2178
0.2178
0.2178
0.2178
0.2178
0.2178
0.2178
0.2178
0.2178
0.2178
0.2178
0.2178
0.2178
0.2178
0.2178
0.2178
0.2178
0.2178
0.2178
0.2178
0.2178
0.2178
0.2178
0.2178
0.2178
0.2178
0.2178
0.2178
0.2178
0.2178
0.2178
0.2178
0.2178
0.2178
0.2178
0.2178
0.2178
0.2178
0.2178
0.2178
0.2178
0.2178
0.2178
0.2178
0.2178
0.2178
0.2178
0.2178
0.2178
0.2178
0.2178
0.2178
0.2178
0.2178
0.2178
0.2178
0.2178
0.2178
0.2178
0.2178
0.2178
0.2178
0.2178
0.2178
0.2178
0.2178
0.2178
0.2178
0.2178
0.2178
0.2178
0.2178
0.2178
0.2178
0.2178
0.2178
0.2178
0.2178
0.2178
0.2178
0.2178
0.2178
0.2178
0.2178
0.2178
0.2178
0.2178
0.2178
0.2178
0.2178
0.2178
0.2178
0.2178
0.2178
0.2178
0.2178
0.2178
0.2178
0.2178
0.2178
0.2178
0.2178
0.2178
0.2178
0.2178
0.2178
0.2178
0.2178
0.2178
0.2178
0.2178
0.2178
0.2178
0.2178
0.2178
0.2178
0.2178
0.2178
0.2178
0.2178
0.2178
0.2178
0.2178
0.2178
0.2178
0.2178
0.2178
0.2178
0.2178
0.2178
0.2178
0.2178
0.2178
0.2178
0.2178
0.2178
0.2178
0.2178
0.2178
0.2178
0.2178
0.2178
0.2178
0.2178
0.2178
0.2178
0.2178
0.2178
0.2178
0.2178
0.2178
0.2178
0.2178
0.2178
0.2178
0.2178
0.2178
0.2178
0.2178
0.2178
0.2178
0.2178
0.2178
0.2178
0.2178
0.2178
0.2178
0.2178
0.2178
0.2178
0.2178
0.2178
0.2178
0.2178
0.2178
0.2178
0.2178
0.2178
0.2178
0.2178
0.2178
0.2178
0.2178
0.2178
0.2178
0.2178
0.2178
0.2178
0.2178
0.2178
0.2178
0.2178
0.2178
0.2178
0.2178
0.2178
0.2178
0.2178
0.2178
0.2178
0.2178
0.2178
0.2178
0.2178
0.2178
0.2178
0.2178
0.2178
0.2178
0.2178
0.2178
0.2178
0.2178
0.2178
0.2178
0.2178
0.2178
0.2178
0.2178
0.2178
0.2178
0.2178
0.2178
0.2178
0.2178
0.2178
0.2178
0.2178
0.2178
0.2178
0.2178
0.2178
0.2178
0.2178
0.2178
0.2178
0.2178
0.2178
0.2178
0.2178
0.2178
0.2178
0.2178
0.2178
0.2178
0.2178
0.2178
0.2178
0.2178
0.2178
0.2178
0.2178
0.2178
0.2178
0.2178
0.2178
0.2178
0.2178
0.2178
0.2178
0.2178
0.2178
0.2178
0.2178
0.2178
0.2178
0.2178
0.2178
0.2178
0.2178
0.2178
0.2178
0.2178
0.2178
0.2178
0.2178
0.2178
0.2178
0.2178
0.2178
0.2178
0.2178
0.2178
0.2178
0.2178
0.2178
0.2178
0.2178
0.2178
0.2178
0.2178
0.2178
0.2178
0.2178
0.2178
0.2178
0.2178
0.2178
0.2178
0.2178
0.2178
0.2178
0.2178
0.2178
0.2178
0.2178
0.2178
0.2178
0.2178
0.2178
0.2178
0.2178
0.2178
0.2178
0.2178
0.2178
0.2178
0.2178
0.2178
0.2178
0.2178
0.2178
0.2178
0.2178
0.2178
0.2178
0.2178
0.2178
0.2178
0.2178
0.2178
0.2178
0.2178
0.2178
0.2178
0.2178
0.2178
0.2178
0.2178
0.2178
0.2178
0.2178
0.2178
0.2178
0.2178
0.2178
0.2178
0.2178
0.2178
0.2178
0.2178
0.2178
0.2178
0.2178
0.2178
0.2178
0.2178
0.2178
0.2178
0.2178
0.2178
0.2178
0.2178
0.2178
0.2178
0.2178
0.2178
0.2178
0.2178
0.2178
0.2178
0.2178
0.2178
0.2178
0.2178
0.2178
0.2178
0.2178
0.2178
0.2178
0.2178
0.2178
0.2178
0.2178
0.2178
0.2178
0.2178
0.2178
0.2178
0.2178
0.2178
0.2178
0.2178
0.2178
0.2178
0.2178
0.2178
0.2178
0.2178
0.2178
0.2178
0.2178
0.2178
0.2178
0.2178
0.2178
0.2178
0.2178
0.2178
0.2178
0.2178
0.2178
0.2178
0.2178
0.2178
0.2178
0.2178
0.2178
0.2178
0.2178
0.2178
0.2178
0.2178
0.2178
0.2178
0.2178
0.2178
0.2178
0.2178
0.2178
0.2178
0.2178
0.2178
0.2178
0.2178
0.2178
0.2178
0.2178
0.2178
0.2178
0.2178
0.2178
0.2178
0.2178
0.2178
0.2177
0.2177
0.2177
0.2177
0.2176
0.2176
0.2176
0.2175
0.2174
0.2173
0.2171
0.2167
0.2163
0.2157
0.2151
0.2145
0.2138
0.2132
0.2127
0.2122
0.2118
0.2115
0.2111
0.2108
0.2104
0.2099
0.2094
0.2087
0.2079
0.2071
0.2063
0.2054
0.2046
0.2037
0.203
0.2022
0.2015
0.2009
0.2002
0.1995
0.1987
0.1979
0.1971
0.1961
0.1951
0.1941
0.193
0.192
0.191
0.1901
0.1892
0.1883
0.1874
0.1866
0.1857
0.1847
0.1838
0.1827
0.1817
0.1806
0.1794
0.1783
0.1772
0.1762
0.1752
0.1742
0.1733
0.1723
0.1714
0.1705
0.1695
0.1686
0.1676
0.1665
0.1655
0.1644
0.1633
0.1622
0.1611
0.1601
0.1591
0.1581
0.1572
0.1562
0.1553
0.1543
0.1534
0.1524
0.1514
0.1504
0.1494
0.1484
0.1473
0.1463
0.1452
0.1442
0.1431
0.142
0.141
0.14
0.139
0.1381
0.1371
0.1362
0.1352
0.1343
0.1333
0.1323
0.1313
0.1302
0.1291
0.128
0.1269
0.1258
0.1248
0.1238
0.1229
0.1219
0.121
0.1201
0.1192
0.1182
0.1173
0.1163
0.1152
0.1141
0.1131
0.1121
0.1111
0.1101
0.1092
0.1082
0.1073
0.1063
0.1052
0.1042
0.1031
0.102
0.101
0.0999
0.0988
0.0978
0.0968
0.0958
0.0948
0.0938
0.0929
0.092
0.0911
0.0901
0.0892
0.0882
0.0871
0.0861
0.085
0.084
0.083
0.0819
0.0809
0.08
0.079
0.078
0.0771
0.0762
0.0752
0.0743
0.0733
0.0723
0.0713
0.0702
0.0691
0.0681
0.067
0.0659
0.0649
0.0639
0.0629
0.0619
0.0609
0.0599
0.059
0.058
0.0571
0.0561
0.0552
0.0542
0.0533
0.0523
0.0512
0.0501
0.049
0.0479
0.0469
0.0458
0.0448
0.0438
0.0428
0.0418
0.0409
0.04
0.039
0.0381
0.0371
0.0361
0.0351
0.034
0.033
0.0319
0.0308
0.0298
0.0288
0.0277
0.0267
0.0258
0.0248
0.0239
0.023
0.0221
0.0212
0.0202
0.0192
0.0181
0.017
0.0159
0.0148
0.0137
0.0127
0.0117
0.0107
0.0097
0.0087
0.0078
0.0069
0.006
0.0051
0.0041
0.0031
0.0021
0.001
0.0
-0.001
-0.0021
-0.0031
-0.004
-0.005
-0.006
-0.0069
-0.0079
-0.0088
-0.0098
-0.0109
-0.0119
-0.0129
-0.014
-0.015
-0.016
-0.017
-0.018
-0.0189
-0.0199
-0.0209
-0.0219
-0.0229
-0.0238
-0.0248
-0.0258
-0.0269
-0.0279
-0.029
-0.0301
-0.0311
-0.0322
-0.0332
-0.0341
-0.0351
-0.0361
-0.037
-0.038
-0.0389
-0.0399
-0.0409
-0.0419
-0.0429
-0.044
-0.045
-0.0461
-0.0472
-0.0483
-0.0493
-0.0503
-0.0513
-0.0523
-0.0532
-0.0541
-0.0551
-0.056
-0.0569
-0.0579
-0.0589
-0.0599
-0.0609
-0.062
-0.0631
-0.0642
-0.0652
-0.0663
-0.0673
-0.0682
-0.0692
-0.0701
-0.0711
-0.072
-0.0729
-0.0738
-0.0748
-0.0758
-0.0769
-0.0779
-0.079
-0.0801
-0.0812
-0.0822
-0.0832
-0.0842
-0.0852
-0.0861
-0.087
-0.0879
-0.0889
-0.0898
-0.0908
-0.0918
-0.0929
-0.094
-0.0951
-0.0962
-0.0973
-0.0983
-0.0994
-0.1004
-0.1013
-0.1023
-0.1032
-0.1041
-0.105
-0.106
-0.107
-0.108
-0.1091
-0.1102
-0.1112
-0.1123
-0.1133
-0.1143
-0.1153
-0.1162
-0.1172
-0.1181
-0.1191
-0.1201
-0.1211
-0.1221
-0.1231
-0.1242
-0.1252
-0.1262
-0.1272
-0.1282
-0.1292
-0.1301
-0.1311
-0.1321
-0.133
-0.134
-0.135
-0.1361
-0.1372
-0.1382
-0.1393
-0.1403
-0.1413
-0.1422
-0.1432
-0.1441
-0.145
-0.1459
-0.1469
-0.1479
-0.1489
-0.1499
-0.151
-0.1521
-0.1532
-0.1543
-0.1553
-0.1563
-0.1573
-0.1582
-0.1591
-0.16
-0.1609
-0.1619
-0.1629
-0.164
-0.1651
-0.1662
-0.1673
-0.1683
-0.1693
-0.1702
-0.1712
-0.1721
-0.173
-0.174
-0.175
-0.176
-0.177
-0.1781
-0.1792
-0.1802
-0.1812
-0.1822
-0.1832
-0.1841
-0.185
-0.186
-0.1869
-0.188
-0.189
-0.1901
-0.1911
-0.1922
-0.1932
-0.1942
-0.1951
-0.1961
-0.197
-0.1979
-0.1988
-0.1998
-0.2008
-0.2018
-0.2029
-0.2039
-0.205
-0.2061
-0.2071
-0.2082
-0.2092
-0.2102
-0.2112
-0.2121
-0.2131
-0.2141
-0.215
-0.216
-0.217
-0.2181
-0.2191
-0.2201
-0.2211
-0.222
-0.223
-0.224
-0.225
-0.226
-0.227
-0.2281
-0.2291
-0.2301
-0.2312
-0.2322
-0.2332
-0.2342
-0.2352
-0.2361
-0.2371
-0.238
-0.239
-0.24
-0.241
-0.242
-0.2431
-0.2441
-0.2452
-0.2462
-0.2473
-0.2483
-0.2492
-0.2502
-0.2511
-0.252
-0.2529
-0.2538
-0.2548
-0.2558
-0.2569
-0.258
-0.2591
-0.2601
-0.2612
-0.2623
-0.2633
-0.2643
-0.2653
-0.2663
-0.2672
-0.2682
-0.2691
-0.2701
-0.2711
-0.2721
-0.2731
-0.2741
-0.2751
-0.2761
-0.2771
-0.278
-0.279
-0.2801
-0.2811
-0.2821
-0.2831
-0.2841
-0.2851
-0.286
-0.287
-0.288
-0.289
-0.2901
-0.2911
-0.2921
-0.2931
-0.2941
-0.2951
-0.296
-0.297
-0.2981
-0.2991
-0.3002
-0.3012
-0.3023
-0.3033
-0.3043
-0.3053
-0.3062
-0.3071
-0.3081
-0.309
-0.3099
-0.3109
-0.3118
-0.3129
-0.3139
-0.315
-0.3161
-0.3171
-0.3182
-0.3192
-0.3202
-0.3213
-0.3222
-0.3232
-0.3242
-0.3252
-0.3262
-0.3271
-0.3281
-0.3292
-0.3302
-0.3312
-0.3322
-0.3332
-0.3342
-0.3352
-0.3361
-0.3371
-0.338
-0.3389
-0.3399
-0.3409
-0.3419
-0.343
-0.3441
-0.3451
-0.3462
-0.3472
-0.3483
-0.3493
-0.3503
-0.3513
-0.3523
-0.3532
-0.3542
-0.3551
-0.3561
-0.3571
-0.3581
-0.3591
-0.3601
-0.3612
-0.3622
-0.3632
-0.3641
-0.3651
-0.3661
-0.367
-0.368
-0.369
-0.3699
-0.3709
-0.3719
-0.3729
-0.374
-0.3751
-0.3761
-0.3772
-0.3782
-0.3792
-0.3801
-0.381
-0.382
-0.3829
-0.3838
-0.3848
-0.3858
-0.3869
-0.388
-0.3891
-0.3902
-0.3913
-0.3924
-0.3934
-0.3944
-0.3953
-0.3962
-0.3971
-0.398
-0.399
-0.4
-0.401
-0.402
-0.4031
-0.4042
-0.4053
-0.4064
-0.4074
-0.4084
-0.4094
-0.4104
-0.4113
-0.4123
-0.4132
-0.4141
-0.4151
-0.4161
-0.4171
-0.4181
-0.4192
-0.4203
-0.4213
-0.4223
-0.4233
-0.4243
-0.4252
-0.4261
-0.4271
-0.428
-0.429
-0.43
-0.4311
-0.4321
-0.4332
-0.4342
-0.4352
-0.4361
-0.4371
-0.4381
-0.439
-0.44
-0.441
-0.4421
-0.4431
-0.4441
-0.4451
-0.4461
-0.447
-0.448
-0.4489
-0.4499
-0.4509
-0.4519
-0.453
-0.4541
-0.4552
-0.4563
-0.4574
-0.4585
-0.4595
-0.4605
-0.4614
-0.4624
-0.4633
-0.4642
-0.4651
-0.4661
-0.4671
-0.4682
-0.4692
-0.4703
-0.4714
-0.4724
-0.4735
-0.4744
-0.4754
-0.4763
-0.4772
-0.4781
-0.479
-0.48
-0.481
-0.482
-0.4831
-0.4842
-0.4853
-0.4863
-0.4874
-0.4884
-0.4893
-0.4903
-0.4912
-0.4922
-0.4931
-0.494
-0.495
-0.496
-0.4971
-0.4982
-0.4993
-0.5004
-0.5014
-0.5024
-0.5034
-0.5044
-0.5053
-0.5061
-0.507
-0.5079
-0.5089
-0.5099
-0.5109
-0.5119
-0.513
-0.5141
-0.5152
-0.5163
-0.5174
-0.5184
-0.5194
-0.5203
-0.5212
-0.5221
-0.5231
-0.524
-0.525
-0.526
-0.5271
-0.5282
-0.5293
-0.5304
-0.5314
-0.5324
-0.5334
-0.5344
-0.5353
-0.5362
-0.5371
-0.538
-0.539
-0.54
-0.5411
-0.5421
-0.5432
-0.5443
-0.5453
-0.5464
-0.5474
-0.5483
-0.5492
-0.5501
-0.5511
-0.552
-0.553
-0.554
-0.555
-0.556
-0.5571
-0.5582
-0.5592
-0.5603
-0.5613
-0.5622
-0.5632
-0.5641
-0.5651
-0.566
-0.567
-0.5679
-0.5689
-0.5699
-0.571
-0.572
-0.573
-0.5739
-0.5748
-0.5756
-0.5765
-0.5773
-0.5782
-0.579
-0.5799
-0.5808
-0.5817
-0.5826
-0.5834
-0.5842
-0.5849
-0.5856
-0.5863
-0.5869
-0.5876
-0.5882
-0.5888
-0.5895
-0.5901
-0.5907
-0.5913
-0.5918
-0.5924
-0.5929
-0.5933
-0.5938
-0.5942
-0.5947
-0.5951
-0.5955
-0.5959
-0.5963
-0.5967
-0.597
-0.5972
-0.5974
-0.5976
-0.5978
-0.5979
-0.5981
-0.5983
-0.5986
-0.5988
-0.599
-0.5992
-0.5995
-0.5996
-0.5998
-0.5998
-0.5999
-0.5999
-0.5999
-0.5999
-0.6
-0.6
-0.6
-0.6
-0.6
-0.6
-0.6001
-0.6001
-0.6001
-0.6001
-0.6001
-0.6001
-0.6001
-0.6001
-0.6001
-0.6001
-0.6001
-0.6001
-0.6001
-0.6001
-0.6002
-0.6002